915657464401580032
854678856724340736
855466461296504832
860611036151521280
905640770933145600
895624121509445632
819287386312032256
914066141202567168
819226999206068224
709210782509219840
833099332052193280
735986831234236416
877549756368777216
721813063490539526
710551056913031169
702677005049815040
838437537488207877
850076717360263168
709046988462014464
726860866067546112
929865442453209088
726597140752007168
733683602077048833
911216059818106880
873667494745182208
702641738398212096
719597344447164416
876459848673751040
825793046058934272
869506660586442753
717554035314855936
928050055881347072
721054333824012288
893226799311843330
830787574809624578
694168663902044161
837047133572313088
849182565063958529
726436741595422720
868169588395134976
718059625719930880
705588562255749120
787654855032700928
720721009737875456
833053711001870337
847560514020552704
806910570473603072
846375220537692160
692499837191856132
894881552861204481
709448351201230849
922515405628985344
853265852350836736
836093660437491713
718168635458465792
826078830762786816
838658397272592384
720863524444975105
862607609647550464
849517194660728832
697544907011952640
689219730796707840
829482273435217920
817365659101315072
830443691785482240
708159598994194433
896411393393602560
733845119888019456
702901150488489985
884160222369124352
714885977509130240
914683921769443328
817839142826627072
842075856327585796
883815669502017538
732996489606234112
823659414305570817
850123119939506180
730666246128046080
734214314509389825
712079833971433473
683293152787214336
928283281505865729
900157045814566912
888771514811785216
726120138722926592
697199578731409409
710536022132531201
931592093411299328
687478220090806273
716789125655998464
716328123051061248
879021138822778881
696181210230423552
698150895578648576
695293983761764353
876563312414253057
930095371782586373
895654888931115009
925323567671140352
710798929298857984
913487627063570432
694284789923229696
860257715263864832
907658048940003328
717341849132904450
930941769579102209
848097992611639296
922339646356389888
718595286902267906
881812123910897664
848010082940006400
852144283796869121
856159344722931713
822945794592423936
847569465428586497
861989927017484288
848626103975628800
899562132026658818
735985360656728065
730901194265104384
905218370135609344
820756184844091393
737070268368203776
855225788269854720
928352928955584517
862830766958542848
899726578757906432
896067860845350912
819706983653572609
931273486965923845
727792432176205825
870157698087694336
720846584955600898
880294282556518401
908508629426307072
735169760305025024
907979875025289217
854612370009849856
717140488743219201
687751173768495104
916285218801274882
853092578878668800
842239256546369536
938714961664204800
823029140865634305
894210457925541888
695718747844116481
705260653917896704
689796910463467520
881279960710651904
926958480166195201
827270139506683905
702828925148205057
787736985771180032
878566542950191104
836342151416000512
868550608382558209
849186412146688000
921930956528795648
884686920919519233
717591272379297792
728851891187113985
877736113154146308
868948052182052864
687599189438631936
708786398095015936
920967878773415937
896395869532160000
827070267360845824
836275634607374338
705527899047092225
883742743222247426
873797427995607040
904624565145538560
899681876159455233
899803824973598720
932636894277627905
701467794706034688
734204888490512384
693914181704224769
811630506345435136
891786666515542016
923596397244448769
879471762408435712
716388512426229761
841281965462556672
721672854966644737
901280299916685312
918681310490759168
706582126007869440
829478205929246721
816523048958312449
913817050786566144
921433270184759297
932406343801229312
726091096548364288
844287174975655936
913116377115910144
871876053257658369
817603645030223872
691712999518773248
723539966035259392
810204949426634752
866739602572365824
850395934857056256
724375459366993920
726949986462654464
709694156214575104
722919795155275776
696403329749008384
912347714431590400
690226000622424064
711238015025287168
923534085770960897
691174404622008321
690184007951089665
900913125796532224
841496172439187456
887261381006962689
888382158074675205
929880892448706561
881867132484677632
913810021468778497
906473987995078656
830073554435719168
699292919375732736
893019140839145472
885133004145737728
870540421474074628
704399955813916673
880389971257020418
705645794381017088
907838901498335233
885847165024600064
939505813273698305
704641234728525825
923421319961513985
845927200666849280
731539431501500416
701923333814800390
708755604899110912
908068185135558656
687053223753060354
929125378580451328
936373301974315009
923349059540099072
685874262998028288
883664661614403584
852113806583103489
887184015727280128
826686396815454208
794263780695932930
707675178155827201
897867602826936324
726279551618273280
839474305889153024
862348768070455296
687653525757673473
881975051557457920
689911550803582981
927564516241690624
825590852391022592
755128443843538944
860113625960267776
794227670355767297
901341871414194176
837713027189309440
844178767182422016
855426735982034944
705502973372309504
900477399107862528
685575068215279618
895245047628681217
892214282200399872
932590914563911682
931373942236962817
932661729359691776
718480839676444672
888844552240594944
876067925379219456
908905752172965888
847525149880483840
889246058064338945
847547210778591232
928264423126552576
936315383035957248
937730614085783553
894624551585361921
711427136540712960
724595120419540993
700147338451382272
834269436383211520
924282998236868609
709334532042973186
935243492493807616
821407483432411137
932936496532746240
690484087014948864
831366616520732674
817186222695182336
869673337571692550
709077288457928704
847223597487620096
690961198108516352
865345124724645889
714025976003489792
924462421124804608
932353655130480640
865927535187697664
854128231775051776
695702932512120832
937306213632630785
897851658469879809
717537160954556417
854318610415800320
870031015967903745
884710317686759424
823260422904156160
827967426251857922
894977186645594112
841913929194446851
902457098969030657
818639364875960320
709300162623971330
842810966744162306
879809878113603586
735101294747127808
904067869461250048
936680015760166912
878996294735364096
897490155698888705
735550449604907008
688103947614064641
708893772386582528
937180416863358976
773637270020747265
937840768861040642
901715273908183041
815972575230722048
820389563730448384
910111711348236289
856077853267447808
913523630377648128
717491364720549888
846855718481281024
689637362058440705
708017664858394628
859729257379098624
928621097356054528
925513820495335424
706549023713447936
706137132268548097
905145910325379072
689242025519091714
859553665232900096
846502680633774080
862862453306122240
688184681863331840
913877633162731521
892118702786834436
889561374053068805
850937504714825728
866716068353585153
727179533011542016
926535994274402304
883938726786748416
932527132743368704
822849151759253504
848927540702044160
903019349522366464
854163234810712064
913238097948590080
697801811894341633
685857038681899010
794312091402436608
708410201246982144
717887904224296960
722905541232594944
905459297160749056
701511478516563968
870279249734664192
941003843675942913
840759907813085184
690383035896823809
868373543637184513
695392140227059712
826983543159009280
867805008280072192
929417291099406336
709726890949476352
730900809324580865
687661976533610496
726492675432697857
934988877554700288
908779777426956288
835247679445819392
921895080746774528
718213028542427137
728387862140358656
905874574620938240
907834540005175297
723243838593220610
712314666412810240
724889900592562176
888327340899618819
853118320630956032
733727609897373696
706079741275725825
713810486567919616
716970524421791744
835804124222533634
692319239944982528
882250935237562371
930116447195582466
688921289407397888
770390179701862400
874295305398878208
933127448719486977
870247746481119232
838409460800442370
761086480076767233
825067723688464385
914097323591868416
843512518794514433
827881126219890688
708714138084597760
879896397243445249
855819850203111424
936289443626942464
888016316744867840
695656159395586048
806670065990914048
932048505568239616
877197725762293763
885909920708734976
913991536366329856
826117465868554240
702558563806420992
882969328487976961
892075103403593728
722945429805998080
822948632026578944
822231650075484161
822586646126333952
822222722730074114
823317239373832192
820417644541001730
819330071450284032
819692440592482307
822225261995446272
822589431882383361
821504960022061061
822956441245978625
822956807773626368
821506741460488196
819324596742721537
823313136845520896
822947281955590151
853510279476506625
820415902369935361
820050070594670593
819687832872742915
822584492623675392
820410167925862401
822591992160985093
822955987925696513
822951739858898944
822591286913957889
821507211516112897
820052214051782657
823311325094760449
819328635794550784
819691135622746113
819691631075069952
822585455954821120
822226204618936322
820050245476380672
822223071469768704
819687964720635909
818239852206575619
816795496215875584
819328460724150272
822223628917964800
822223456393531392
820415595883753473
819686701471768577
820415421593645057
820054633397833729
819323784851234817
822228868442554370
820782059660709888
822226911472582657
822954914586521602
820416315789901824
817519589756207104
822587222553661444
823313584587493376
823309384080125957
820419712395935745
823318329267920896
817518612672024576
818241843347460097
819328321272037376
819332969546518528
816796056973443073
822222670007832577
821507334849474560
819694635744448513
818608110323404800
819686476350795779
823317360027242496
820415656218755073
822584650354884610
822949479896608770
820415706273488896
819323947544150020
820411764454150145
822954501267136512
822592701610754050
817520770532462596
818241416346370049
817517434794086404
822951925364748288
818607020962152450
818608229462712320
820414540005470209
819329921809981440
815708832227803136
823318286377041920
820412835813584896
821868133371838464
823313118247796736
821868567721312256
819329947454099456
818607645074554880
817521046060470272
820418017922256896
818604224195895296
820054086141837313
820782258210516992
823317607080194048
819331838707699712
816795295971319808
819328779344613376
819329985697546241
822222839419781120
819329628569477120
818239461855285249
818607793255092224
819686357152870400
818244520903081984
819324937127264256
820414481809305600
821504172424040453
822229177575362561
819692087323004928
820415019208810497
823316770320683008
818239973837049856
819331840385249280
820051529155674112
819322966710353921
822230328664330244
821507365409267712
819690267062239233
819685448478064641
820053214489968642
817517616529108993
819327493291278336
820055986736140288
819689314179317760
822585740936773632
823312478289465344
820415204207001601
819695365322670081
819332048267673601
816433869327126529
819326248044335105
822229366373548032
822588064405057538
819330153314652161
820415712934117381
820051902482132993
822586328248414209
822953668244742144
822591546268811264
820415243692216320
822950746794639360
823314542042185729
823311265535840258
821869393378480128
819331823352344577
819691974496165889
819327105024585729
821867521926168576
822222796881326080
817520655868588033
822591215191388164
819685634872840193
822227781799071749
822947470862848000
822592817130151936
819693200759750656
816795418587709441
820054957906743296
819686655426785280
819695276768329728
817519240299286528
823317977059782656
819326867408756738
818238225739354112
822952898451697664
820048790115811328
820414675213025280
821506802525212672
823311875718991873
820418608455041024
817518620951670784
822230894190600193
823311538656264196
821506440535736320
822948952806932480
820055613917040640
822952219486076928
820057667892748288
818241339636809730
818239297715195904
820050180577730560
820054528057901057
819325590037811200
822956254683365376
818603396059963393
818245223235092480
820415904668389379
823310569612525569
822585300111294465
818241174498635777
819690931775533056
819694332848447488
819327096145252357
820414524889165824
822588325102026752
818242668996231168
820411963025096704
820053644603248641
822593443914518531
822229382001467394
823314872305741826
817158734241824770
821505800627752961
819688780277813248
820052405840650241
822590076744036353
819690193523503104
819687178603069441
819695217368514564
822948496449929216
815709170439692288
819330274773372928
822954958601547777
822587056987787266
820054329264476160
822223114377555969
820412662177796096
820417509216096256
819688981650698242
822594107788980226
822593366508572673
819688171726368768
822585624595222528
823317026374635520
822223679174144000
819694251776819201
818240864883511298
819689693415620608
822586200775159815
818242530127048704
823315937197572096
819690581244964864
820048841135292418
819692106587447297
819692523094470656
822591516338257921
820054532226973696
820050930490048512
819688371043893250
818608135829127168
818245279082278914
821869298658537473
822954589649506304
818245858504441856
820053866389438466
822231577124020224
820050908134264832
822592126194221056
818245639532257280
819330454788722688
821867304258588672
822586267330285571
819694792649142272
820057372819410945
818608204498305024
823316581094686721
822589171281887236
822230756491751424
820051614274912257
821505088124551168
819690193712095232
822586648848465920
820055286018875392
822223256556027904
817517945639342081
819327316404957185
818605570978619392
818237781633855488
823314901372403712
818607216056029184
819332629686288384
815709144921636864
820417778406592513
817519386013683712
820053485341310976
819325524938018822
821507001259728901
822948806303956992
819330102353723392
823316437876043776
820052946788515845
819686904576770049
816796268206968837
819691032707264514
822591295902322688
819691659164348416
822585679473442816
822229140308983813
822224239612694528
819326860337287168
819323908365189120
823315365296041985
819327106433720320
801742758604079105
827282623072317444
863817504111693824
874917761436221441
723491370921537537
826038924837535745
830070414130962432
917888563596943362
875437828640997376
859427673516503042
922055409808171008
840590939408236544
930899821820604422
928020548575289344
920735643403034624
887208243809964032
832220789764038656
832421414703468545
794221339053670406
914872480858345474
944644685766774784
688471306442944512
770760257786286080
903155695687569408
690019977588555776
794281004479500293
895929244269916161
870655638149398529
884447375431004161
881332956270215168
694364560564711424
862453506271215616
898427164139200512
857712748771155968
932842408173240320
717513246568124416
708194268712607744
845036766235123712
854678856724340736
865287301475205122
855466461296504832
876985914752421889
904892917277274112
905640770933145600
914066141202567168
709210782509219840
927373534652805120
848930248615972868
915657464401580032
819287386312032256
895624121509445632
724667410385539072
860611036151521280
819226999206068224
