854678856724340736
860611036151521280
905640770933145600
819287386312032256
914066141202567168
724667410385539072
833099332052193280
735986831234236416
721813063490539526
710551056913031169
706580065975472128
702677005049815040
850076717360263168
709046988462014464
726597140752007168
702641738398212096
719597344447164416
869506660586442753
717554035314855936
928050055881347072
893226799311843330
694168663902044161
849182565063958529
868169588395134976
705588562255749120
720721009737875456
829803278204534785
846375220537692160
709448351201230849
922515405628985344
836093660437491713
826078830762786816
838658397272592384
862607609647550464
849517194660728832
689219730796707840
829482273435217920
927533225014153216
708159598994194433
896411393393602560
733845119888019456
702901150488489985
884160222369124352
714885977509130240
883815669502017538
732996489606234112
734214314509389825
712079833971433473
683293152787214336
699965421567410176
708297775687999490
900157045814566912
726120138722926592
697199578731409409
710536022132531201
931592093411299328
716328123051061248
696181210230423552
695293983761764353
710798929298857984
913487627063570432
694284789923229696
824824647824859136
860257715263864832
907658048940003328
717341849132904450
930941769579102209
718595286902267906
881812123910897664
848010082940006400
856159344722931713
861989927017484288
848626103975628800
712054527537455105
820756184844091393
855225788269854720
928352928955584517
862830766958542848
899726578757906432
819706983653572609
720846584955600898
908508629426307072
735169760305025024
875515484673904640
907979875025289217
926241179947151360
854612370009849856
687751173768495104
853092578878668800
894210457925541888
689796910463467520
926958480166195201
827270139506683905
787736985771180032
836342151416000512
884686920919519233
877736113154146308
868948052182052864
687599189438631936
896395869532160000
705527899047092225
873797427995607040
932636894277627905
734204888490512384
811630506345435136
891786666515542016
923596397244448769
879471762408435712
716388512426229761
901280299916685312
918681310490759168
706582126007869440
822924778625347584
921433270184759297
932406343801229312
726091096548364288
844287174975655936
913116377115910144
871876053257658369
817603645030223872
691712999518773248
723539966035259392
810204949426634752
866739602572365824
726949986462654464
709694156214575104
722919795155275776
690226000622424064
900913125796532224
887261381006962689
888382158074675205
929880892448706561
881867132484677632
823591741886447619
830073554435719168
704399955813916673
907838901498335233
845927200666849280
708755604899110912
908068185135558656
687053223753060354
929125378580451328
936373301974315009
685874262998028288
852113806583103489
794263780695932930
897867602826936324
726279551618273280
687653525757673473
927564516241690624
825590852391022592
755128443843538944
901341871414194176
837713027189309440
844178767182422016
855426735982034944
900477399107862528
895245047628681217
932590914563911682
931373942236962817
718480839676444672
888844552240594944
889246058064338945
847547210778591232
928264423126552576
936315383035957248
937730614085783553
711427136540712960
724595120419540993
819356780417482752
700147338451382272
834269436383211520
709334532042973186
935243492493807616
821407483432411137
690484087014948864
831366616520732674
817186222695182336
869673337571692550
893567578907561984
865345124724645889
924462421124804608
865927535187697664
854128231775051776
695702932512120832
937306213632630785
897893566579650560
717537160954556417
870031015967903745
938342400300388352
827967426251857922
879809878113603586
735550449604907008
938873673645047808
937180416863358976
937840768861040642
901715273908183041
815972575230722048
910111711348236289
856077853267447808
913523630377648128
708017664858394628
928621097356054528
925513820495335424
706549023713447936
918222999005806592
905145910325379072
859553665232900096
688184681863331840
892118702786834436
822849151759253504
848927540702044160
903019349522366464
854163234810712064
913238097948590080
697801811894341633
837448496332464129
717887904224296960
870279249734664192
941003843675942913
690383035896823809
868373543637184513
695392140227059712
867805008280072192
709726890949476352
687661976533610496
908779777426956288
921895080746774528
723243838593220610
712314666412810240
724889900592562176
716970524421791744
692319239944982528
882250935237562371
874295305398878208
729000647769477121
761086480076767233
827881126219890688
708714138084597760
779361680149151744
879896397243445249
888016316744867840
885909920708734976
913991536366329856
822948632026578944
822231650075484161
822586646126333952
819322773315211264
822222722730074114
823317239373832192
819330071450284032
822225261995446272
822589431882383361
821504960022061061
822956441245978625
819324596742721537
819690359563296768
822947281955590151
853510279476506625
820415902369935361
822223608856645633
819686460727160838
820050070594670593
818239588024123392
822956322035564544
819687832872742915
823313440362020864
819688054189215744
817517158188089344
820410167925862401
823317812932386816
822955987925696513
822951739858898944
822591286913957889
822584601289834501
821507211516112897
819324270870335488
820417483010150401
818244815418638336
819330050747076608
819691135622746113
819691631075069952
822585455954821120
822226204618936322
820050245476380672
822950467261100032
822223071469768704
819330013640146945
823315322358951937
819687964720635909
823313469017563137
818239852206575619
818245191261978624
820052846641119232
819328460724150272
822223628917964800
822223456393531392
819330896893460483
822231064517218305
820415595883753473
819686701471768577
820415421593645057
820054633397833729
819323784851234817
822228868442554370
821506628096786435
822586311953567745
820782059660709888
819330398320807936
820053533747806209
822226911472582657
822954914586521602
820416315789901824
817519589756207104
822587222553661444
823313584587493376
823309384080125957
819695142194053123
820419712395935745
823318329267920896
819325160327118851
822584998377177093
822591865958625280
819328321272037376
819332969546518528
816796056973443073
822226347401486337
821507334849474560
819694635744448513
822591622743523329
819327037932335104
823314788679880705
821869214218747904
818241185441583104
822588618229293057
819686476350795779
819327583971995648
820415656218755073
820053678371590144
817517056404897792
817519731926253568
822584650354884610
820415706273488896
820056803073523712
819323947544150020
820411764454150145
822947121187979264
821504957123796992
822592701610754050
817520770532462596
818241416346370049
823312587609632770
817517434794086404
822951925364748288
819325950756163584
822592931991351302
818608229462712320
820414540005470209
822586691995181058
815708832227803136
823318286377041920
822223123563028482
820412835813584896
821868133371838464
817519218124066816
820049652284170240
821868567721312256
819329947454099456
818607645074554880
821506052650831872
817521046060470272
819325870309601287
819325643464679425
820418017922256896
821504507410399232
818604224195895296
820782258210516992
819328779344613376
819329985697546241
822222839419781120
823319286374682625
822585036709003270
819329628569477120
818239461855285249
821503877036015618
818607793255092224
823310234416508928
818244520903081984
819324937127264256
820414481809305600
821504172424040453
822947736991494144
822229177575362561
823314836310212608
819692087323004928
820415019208810497
819331197293756421
823316770320683008
818239973837049856
819328171539632133
819331840385249280
820051529155674112
822230328664330244
821507365409267712
820053214489968642
817517616529108993
819689314179317760
822585740936773632
820415204207001601
819332048267673601
822592093348564992
820419297558282240
820051818675929092
823316820241317889
818241628573941761
816433869327126529
822229366373548032
823314474895548416
822588064405057538
819330153314652161
820415712934117381
817519204622548993
819690013222989825
822950035335839744
822953668244742144
819324076439154688
820416713309073408
819689165415559168
820415243692216320
822950746794639360
823314542042185729
818605325167296512
819331823352344577
819691974496165889
819327105024585729
819324959021535232
821867521926168576
822590938283409408
822222796881326080
817520655868588033
822955902168924160
819685634872840193
822227781799071749
820419982844723200
822947470862848000
819329183113498625
820055175041683456
816795418587709441
820054957906743296
823309727320997888
820782175020875778
820051407655075841
819686655426785280
819695276768329728
817519240299286528
823317977059782656
818607809554186244
819326867408756738
818238225739354112
819689742191230976
819691037362823168
818241173160677378
822952898451697664
820048790115811328
820414675213025280
822954894483079168
820418608455041024
822590168934809601
817518620951670784
822222710260412416
822230894190600193
823311538656264196
822584995629842432
821506440535736320
822948952806932480
822952219486076928
820057667892748288
818241339636809730
822592606085533697
818239297715195904
817519802449330176
818605894783078400
820418356368936960
823309840848023552
820050180577730560
820054528057901057
818603735828037632
819325590037811200
819695000707600385
822585480147599362
818603396059963393
822948081473908738
818245223235092480
817158701438160897
822951327470714880
820054092550578176
820415904668389379
819694865902669824
819686180618928128
823310569612525569
822585300111294465
818241174498635777
819694332848447488
819327096145252357
820414524889165824
819691488997089281
822228235626889217
818242668996231168
820053644603248641
822229382001467394
823314872305741826
817158734241824770
821505800627752961
819688780277813248
820052405840650241
822590076744036353
819690193523503104
819687178603069441
820414076933328897
819695217368514564
822948496449929216
819694603267874816
818606952058093568
818239623747031041
819330274773372928
822954958601547777
820050207165599744
820054329264476160
822223114377555969
820417509216096256
820409229894893568
822594107788980226
822593366508572673
819694318244003840
819688171726368768
819693806157201409
822585624595222528
822228470369583106
822225347026370560
819694251776819201
823315559341244420
818240864883511298
819689693415620608
818242530127048704
823315937197572096
819690581244964864
820048841135292418
819692106587447297
819692523094470656
820409252011450369
822591516338257921
820054532226973696
820050930490048512
822224022528262146
818608135829127168
818245279082278914
821869298658537473
823315928490344448
818245858504441856
817521031623512064
822231577124020224
820050908134264832
822592126194221056
818245639532257280
822949127252312064
820055078002425858
820056418485239808
820411117612793858
821867304258588672
823309403281498113
817518749024710657
820051590119755776
819694792649142272
818603585806233600
822588293883842561
820057372819410945
818608204498305024
822956934164684800
823316581094686721
822589171281887236
822230756491751424
821869674497474560
822586803882487808
820051614274912257
821505088124551168
822229273104658432
819690193712095232
822586648848465920
817517299494166529
822591823055032320
820055286018875392
822223256556027904
817517945639342081
819327316404957185
818605570978619392
818237781633855488
823314901372403712
818607216056029184
819692061750415360
819332629686288384
815709144921636864
820053485341310976
819325524938018822
820049199693791233
821507001259728901
822948806303956992
818238081790865409
819330102353723392
823316437876043776
820052946788515845
822230803245514753
816796268206968837
819691032707264514
822591295902322688
819691659164348416
822587187724161024
819331236585938944
822585679473442816
822229140308983813
822224239612694528
816796276578783232
819686853372690433
819323908365189120
819327106433720320
819832394190569472
801742758604079105
827282623072317444
863817504111693824
874917761436221441
723491370921537537
826038924837535745
844260291332530181
830070414130962432
885404127764692992
917888563596943362
859427673516503042
922055409808171008
840590939408236544
930899821820604422
924464853724434433
928020548575289344
920735643403034624
887208243809964032
832220789764038656
832421414703468545
794221339053670406
905902597479047168
914872480858345474
944644685766774784
688471306442944512
770760257786286080
903155695687569408
690019977588555776
794281004479500293
895929244269916161
870655638149398529
915514022526468097
723869372532592640
881332956270215168
694364560564711424
862453506271215616
898427164139200512
857712748771155968
932842408173240320
717513246568124416
708194268712607744
845036766235123712
