854678856724340736
927373534652805120
860611036151521280
819287386312032256
914066141202567168
724667410385539072
891251545538531329
833099332052193280
735986831234236416
710551056913031169
810207035685900288
702677005049815040
850076717360263168
709046988462014464
726597140752007168
939879413839204352
702641738398212096
719597344447164416
876459848673751040
869506660586442753
717554035314855936
928050055881347072
893226799311843330
694168663902044161
849182565063958529
868169588395134976
718059625719930880
705588562255749120
720721009737875456
829803278204534785
806910570473603072
846375220537692160
709448351201230849
922515405628985344
836093660437491713
718168635458465792
826078830762786816
838658397272592384
692076080933507072
862607609647550464
849517194660728832
689219730796707840
829482273435217920
927533225014153216
702440689079025664
708159598994194433
896411393393602560
733845119888019456
702901150488489985
884160222369124352
714885977509130240
842075856327585796
883815669502017538
730120666540838912
732996489606234112
712079833971433473
705130450155601920
683293152787214336
708297775687999490
900157045814566912
726120138722926592
697199578731409409
710536022132531201
931592093411299328
716328123051061248
879021138822778881
696181210230423552
695293983761764353
854176638694772737
876563312414253057
930095371782586373
710798929298857984
913487627063570432
694284789923229696
824824647824859136
860257715263864832
907658048940003328
717341849132904450
930941769579102209
922339646356389888
718595286902267906
881812123910897664
848010082940006400
856159344722931713
822945794592423936
861989927017484288
848626103975628800
899562132026658818
692513161967226880
935658641784532992
855225788269854720
862830766958542848
899726578757906432
819706983653572609
931273486965923845
870157698087694336
705910996775407620
720846584955600898
735169760305025024
872138353457627137
926859771336159232
717140488743219201
687751173768495104
853092578878668800
894210457925541888
885186932724183041
926958480166195201
827270139506683905
787736985771180032
836342151416000512
897969036457263104
921930956528795648
884686920919519233
877736113154146308
868948052182052864
687599189438631936
708786398095015936
920967878773415937
896395869532160000
705527899047092225
904624565145538560
855542070643130370
932636894277627905
828935728067444737
734204888490512384
793871157569224704
836404873738534912
693914181704224769
811630506345435136
891786666515542016
879471762408435712
716388512426229761
901280299916685312
918681310490759168
706582126007869440
829478205929246721
822924778625347584
921433270184759297
932406343801229312
726091096548364288
844287174975655936
913116377115910144
871876053257658369
817603645030223872
819290904540246016
723539966035259392
810204949426634752
736287075469799426
866739602572365824
726949986462654464
709694156214575104
722919795155275776
912347714431590400
847248458708729859
722770607377518593
690226000622424064
911847904779874304
841609332307480577
887261381006962689
888382158074675205
929880892448706561
906473987995078656
823591741886447619
830073554435719168
683405203328991232
870540421474074628
704399955813916673
907838901498335233
870869992404865024
845927200666849280
708755604899110912
882776839328059392
908068185135558656
929125378580451328
936373301974315009
685874262998028288
894485890474663938
852113806583103489
826686396815454208
794263780695932930
865945930784055296
897867602826936324
726279551618273280
692473402402152448
865349619664003072
687653525757673473
927564516241690624
825590852391022592
755128443843538944
901341871414194176
837713027189309440
844178767182422016
900477399107862528
685575068215279618
895245047628681217
932590914563911682
931373942236962817
820459091663421440
718480839676444672
888844552240594944
876067925379219456
847525149880483840
889246058064338945
847547210778591232
928264423126552576
936315383035957248
835858266345226241
937730614085783553
711427136540712960
819356780417482752
834269436383211520
709334532042973186
935243492493807616
821407483432411137
690484087014948864
831366616520732674
817186222695182336
688074706298253313
869673337571692550
938899544682704897
847223597487620096
893567578907561984
874649514170298368
865345124724645889
900314558413328384
924462421124804608
865927535187697664
854128231775051776
695702932512120832
937306213632630785
787662603195518976
897893566579650560
717537160954556417
870031015967903745
823260422904156160
827967426251857922
841913929194446851
842810966744162306
879809878113603586
826953860602228738
897490155698888705
735550449604907008
688103947614064641
938873673645047808
937180416863358976
773637270020747265
937840768861040642
901715273908183041
815972575230722048
910111711348236289
856077853267447808
913523630377648128
913579032654032896
846855718481281024
708017664858394628
928621097356054528
925513820495335424
706549023713447936
918222999005806592
905145910325379072
915212299891363840
835137073652850688
859553665232900096
885776133849010176
688184681863331840
932688679201488897
892118702786834436
850937504714825728
822849151759253504
848927540702044160
903019349522366464
854163234810712064
844165994952167424
913238097948590080
697801811894341633
837448496332464129
717887904224296960
904772504421634048
872876038203858945
870279249734664192
941003843675942913
690383035896823809
868373543637184513
695392140227059712
709726890949476352
918498724095184896
730900809324580865
687661976533610496
908779777426956288
831260927500615682
921895080746774528
829918534209765377
728387862140358656
905874574620938240
907834540005175297
723243838593220610
712314666412810240
692319239944982528
882250935237562371
870686824389267457
874295305398878208
761086480076767233
827881126219890688
708714138084597760
779361680149151744
879896397243445249
903424899414413312
936289443626942464
930918866783318016
888016316744867840
695656159395586048
885909920708734976
913991536366329856
826117465868554240
882969328487976961
822948632026578944
822231650075484161
822586646126333952
819322773315211264
822222722730074114
823317239373832192
819330071450284032
822225261995446272
819689340074938369
822589431882383361
821504960022061061
822956441245978625
822956807773626368
819690359563296768
822223980300029956
823313136845520896
822947281955590151
876246088151220224
907319672856616965
853510279476506625
820415902369935361
819686460727160838
818239588024123392
822956322035564544
820050430235463681
823313440362020864
819688054189215744
817517158188089344
823317812932386816
822951739858898944
822591286913957889
822584601289834501
821507211516112897
819324270870335488
818244815418638336
817520626701389828
819691631075069952
822585455954821120
822226204618936322
820050245476380672
819687964720635909
823313469017563137
818239852206575619
818245191261978624
819328460724150272
822223628917964800
822223456393531392
819330896893460483
820415595883753473
819686701471768577
820415421593645057
821506628096786435
822586311953567745
820782059660709888
820053533747806209
822226911472582657
820416315789901824
823313584587493376
820048929710444544
820419712395935745
823318329267920896
822591865958625280
819332969546518528
816796056973443073
819694635744448513
819328000625885184
819327037932335104
818608110323404800
821869214218747904
818241185441583104
822588618229293057
819686476350795779
820053678371590144
817519731926253568
820415706273488896
820056803073523712
817519629606285314
819323947544150020
820411764454150145
822947121187979264
821504957123796992
822592701610754050
818241416346370049
823312587609632770
820057225951608832
817521060375564289
817517434794086404
822951925364748288
820053624097214465
822592931991351302
818608229462712320
820414540005470209
815708832227803136
823318286377041920
822223123563028482
822229864149184512
821868133371838464
817519218124066816
820049652284170240
821868567721312256
819329947454099456
818607645074554880
821506052650831872
817521046060470272
820418017922256896
818604224195895296
820782258210516992
821868932529324034
819331838707699712
819329985697546241
823319286374682625
819323457011875840
819329628569477120
818239461855285249
819326258429333504
821503877036015618
818244520903081984
819324937127264256
821504172424040453
822229177575362561
823314836310212608
818239973837049856
819331840385249280
820051529155674112
820053214489968642
817517616529108993
819689314179317760
822585740936773632
820415204207001601
819332048267673601
820419297558282240
820051818675929092
823316820241317889
818241628573941761
816433869327126529
823314474895548416
822588064405057538
819330153314652161
820415712934117381
817519204622548993
820051902482132993
820057795630399489
822953668244742144
819324076439154688
816796344207704064
819689165415559168
822950746794639360
818605325167296512
819331823352344577
819324959021535232
821867521926168576
822590938283409408
822222796881326080
817520655868588033
819685634872840193
822227781799071749
820410202042368000
819329183113498625
820055175041683456
816795418587709441
820054957906743296
820051407655075841
819686655426785280
818607809554186244
818238225739354112
819689742191230976
819691037362823168
820048790115811328
820418608455041024
822590168934809601
817518620951670784
822588127776833541
821506440535736320
822952219486076928
820057667892748288
818241339636809730
820781565538017285
818239297715195904
817519802449330176
818605894783078400
820418356368936960
820050180577730560
818603735828037632
819325590037811200
818245223235092480
817516900947136512
817158701438160897
820415904668389379
818241174498635777
819694332848447488
819327096145252357
820414524889165824
822228235626889217
822588325102026752
822229382001467394
821505800627752961
820052405840650241
822590076744036353
819690193523503104
819687178603069441
820414076933328897
822948496449929216
819694603267874816
818606952058093568
820052577488433157
819330274773372928
822954958601547777
822586306064764928
820050207165599744
822223114377555969
820409229894893568
819688981650698242
819688171726368768
822585624595222528
820412024689725441
819694251776819201
818240864883511298
819689693415620608
823315937197572096
819690581244964864
820048841135292418
819692106587447297
819692523094470656
820409252011450369
822591516338257921
820054532226973696
820050930490048512
818608135829127168
818245279082278914
821869298658537473
823315928490344448
823316487805005824
822954589649506304
818245858504441856
817521031623512064
822231577124020224
820050908134264832
822592126194221056
818245639532257280
820055078002425858
820411117612793858
823309403281498113
817518749024710657
820051590119755776
819694792649142272
822588293883842561
820057372819410945
818608204498305024
823316581094686721
822586803882487808
820051614274912257
821505088124551168
819690193712095232
817517299494166529
822223256556027904
820414616534560768
819327316404957185
818237781633855488
823314901372403712
818607216056029184
819332629686288384
815709144921636864
820053485341310976
819325524938018822
820049199693791233
821507001259728901
818238081790865409
822229702316331008
823316437876043776
820052946788515845
822230803245514753
816796268206968837
822594520546246662
819691032707264514
819691659164348416
822587187724161024
819331236585938944
820781551445127168
822224239612694528
816796276578783232
819686853372690433
819832394190569472
801742758604079105
834100440988020736
827282623072317444
863817504111693824
874917761436221441
723491370921537537
826038924837535745
844260291332530181
830070414130962432
885404127764692992
917888563596943362
875437828640997376
859427673516503042
922055409808171008
840590939408236544
924464853724434433
928020548575289344
920735643403034624
887208243809964032
832220789764038656
794221339053670406
905902597479047168
914872480858345474
944644685766774784
688471306442944512
770760257786286080
903155695687569408
705143837480525824
794281004479500293
895929244269916161
870655638149398529
884447375431004161
915514022526468097
723869372532592640
881332956270215168
694364560564711424
862453506271215616
898427164139200512
932842408173240320
717513246568124416
708194268712607744
845036766235123712
