821997332346437632
920605091429797889
698723413162987521
882067719184674816
717042051074891776
692846957883076608
928872445695553536
728641891726548992
726847431854313472
934631087237681152
711600744223391744
835627007383764992
885152029563342848
886730406078304257
931343690701918208
912303921875623936
874088779853647872
939769831481516032
691878605782171648
886767530328588288
822846686959693826
870411295366971393
688016874370674695
693410085620461569
815985320088899584
731232246997393409
709330709664677888
706423872405504000
904053997216116736
938796305161351168
818204225423503360
877191575067127809
926433400717824000
685908290010742784
854596523799175168
728938770842669058
921779205842657280
706359669653045249
847253835810709508
884120962748342272
822828196714442753
905846801646813184
856944063945355264
725284784763711488
828017788539301888
839856340755496960
892038477742837762
920014656361652224
884596721287933952
823010756836921344
879496038687547392
722462007585284096
840367947851943936
827842431269924865
699189047588167680
801692345905258496
717888234064322560
915222422713962496
709126873645711360
703371915344404480
715310141998899200
937441794303938562
889833114674970625
710870841664409601
860251483069140992
937116420110012416
937879622255030275
687275544996634624
724226487931510784
939591306392821760
724007134262902784
825879837009010689
708361391304904704
693217080062005249
690029618150166528
846123180553068544
830233270164000768
731071760540573702
847132915272237058
929033123987316736
819330100915216384
820048995099770880
818237826760318976
822584826037436420
822228485422940160
819687123125235713
823310221342900225
822590236844818432
823310708662222850
819687626798145536
819330641531727873
820050009727057921
822947210451152897
822226883601309696
820052661680668676
822584628489912321
823310097711583233
823318569161256962
822225009716396032
819325018702286848
818240532967079937
822956340528222209
822950049655046145
822588137503387649
819689484849713152
818606156927135746
879279227492814848
861580977235255296
940264356675284993
879753350799122432
855067937601974272
921722988059295750
852999253349847046
685601583879598084
925034111747665920
736087928628084738
715887235137212416
816740210822303763
819158842147803136
905162339036655616
696016995611975681
832381483566379009
891904969950937088
889113302894166016
916511907250552833
724872310503657472
910276317882527744
870132473056829440
907895635994607616
714738569219321860
726506255683039232
826543404897165312
816263460656992256
875103880387805184
828652835915124736
832077099523567617
918662682089345025
926589171606663169
856978263993978881
694514029121949696
841528734964310016
832465045921558529
851638105492910080
715638264795779072
847145698965573632
733777709655052288
834651156622213120
838007434463612929
842768786281418756
730451262777524224
902686058189611008
700019987419959296
904812124555296768
846593349939290112
822986535339311105
692580725133045760
916723908379860992
939526417695481856
833942362183315456
848178592383160320
820056579235905536
822588505931059200
820054162180362241
820052822859350017
819689929018142720
820052872423305216
820412091081359360
822954933515382784
822949510540361728
819688404833091584
819327200654663681
818237984281661440
823313994572333058
820409909778976768
823314457887731712
820781722505768961
819323276249993216
821504287469666305
819328538465562624
820057165536882689
816796252159537156
817518326855266304
822948645695844353
819324985642663936
819330118279696384
819695185554771968
822591009372704768
821505383130800133
822226869365907456
