876246088151220224
907319672856616965
853510279476506625
819327921164677120
822230441327403008
819325839070429184
822953675106775040
820413993286307840
820415902369935361
822223608856645633
819694722449022984
823318062510305282
819686460727160838
820050070594670593
820056519601426432
820054447372046336
818239588024123392
822956322035564544
822956703792721920
819687832872742915
819323839209349121
822585914924945409
822584492623675392
820050430235463681
818245646297731073
823313440362020864
819688054189215744
823310605570412544
819688637730267136
819691623856697344
820415997236625409
820781908678283266
820419476088832000
822590790937563136
817517158188089344
822953659239567361
820410167925862401
822591992160985093
820056882488426496
823313695828803585
819686097840205824
823317812932386816
816796082814468097
822955987925696513
822951739858898944
822590330935672834
822591286913957889
819688517982818304
816795491568615424
822223297525915648
819687238187433984
820050733328437248
820054837991571456
818606602760679424
822585399147167744
819686733818331138
822584601289834501
822950714016206848
821507211516112897
817520157941592064
818238441783783426
819329946556502017
822586057325678592
820050924366340097
819324613293461505
822590982524981248
819324270870335488
819689148776902657
820417483010150401
819693448454246400
823316838734065664
818244815418638336
818243429977178113
818241501394333696
820052142157340673
820052214051782657
823311660341493762
823312219794354176
823311325094760449
819330050747076608
819328635794550784
819691135622746113
822226125757612032
822588810756313089
817520626701389828
820410799437058049
822226343056261120
819691631075069952
822592563853017090
820412825868926976
822585455954821120
823313853245231105
820052372319858688
822226204618936322
820050245476380672
819323986773508096
821868329656840192
822950467261100032
818606981955063808
822587561080213506
820055921233641472
822223071469768704
819330013640146945
822224679242989569
823315322358951937
821505630011883524
819690552568451073
819687964720635909
823313469017563137
822594398567485440
818239965322739713
820417961638981636
818239852206575619
818245191261978624
822956261008437252
820052846641119232
820049150993723396
816795496215875584
819693004860559361
817518341028016128
819328460724150272
821504005213982720
822223628917964800
822223329805430785
818244737123708931
822223456393531392
815709081029804033
821506193021665282
820417361966755841
818241376018108417
818241700908957699
817158671507406848
821868665305964544
819330896893460483
822589687898443776
819326470581587968
820415910800478208
822231064517218305
820411391232315397
817519248876548097
820415595883753473
819686701471768577
820415421593645057
822947620532453376
820412514458628096
820416704647938052
820411318142431232
822591797000015876
820054633397833729
819323784851234817
822228868442554370
820053885897285633
820050022028824576
821505855921254400
819324329058070528
817517826697207808
823309841926066177
821506628096786435
822586311953567745
819331079056359437
820782059660709888
818240316222373888
820413867641556993
819330398320807936
818242377580036100
822223369844166660
822952347223650305
822587517350318081
823309133193412608
822954095518556162
820053533747806209
822953232435728385
817517485004128256
822226911472582657
823318840763416578
822227801294000128
822954914586521602
820416315789901824
819327334788513792
818244261342646272
822952016234344449
820414797242073088
817519589756207104
818243118864695296
823309780752023552
822592891419762688
818605318791958528
820418989734133760
823312778563698689
819332644508987392
822587222553661444
822224488695623680
823313584587493376
820048929710444544
823309384080125957
819695142194053123
820056850167164928
820417488454184960
819686028105707520
818243995503464452
823312259875106817
823309271886659584
820053155778064390
819687884294942720
818242995426390016
821869767569051648
818242296374099968
820419712395935745
820053545525379072
822224367576752128
823318329267920896
817518612672024576
819325160327118851
818241843347460097
822584998377177093
822591865958625280
821867795671633920
819328321272037376
821868781672759296
819328922361991168
820420220330250243
819332969546518528
816796056973443073
820415260599451649
818607666532589571
819322815375491073
819330095223541762
822222670007832577
822584971957301249
819327917452759041
822585783618043905
819327536329068545
819331883985207296
819330441375285248
822226347401486337
821507334849474560
822949402264354817
821869657535762432
822586407873089539
819694635744448513
818604356656386053
820049385207853056
822591622743523329
819328145052475392
817517259027521536
822592842870784000
821505544125091845
819328000625885184
819327037932335104
820418136897949696
822947457222873088
823312806896435202
821506396042723328
818608110323404800
820055766904225794
819685604870864896
822956113431707648
822590391727910913
822952340172996613
823314788679880705
820052704760315906
818603161447329792
821869214218747904
820049539230932992
820414360686313473
822589949908238336
818239192870158336
821504427680903168
818241185441583104
819323292632879104
822225732894081024
823309366027845639
822951394843983873
822223386269089792
822948487105024001
823312725442859008
822588618229293057
819324990168252416
819686476350795779
820415651990929408
819332951729127424
822232086673166336
823314734686539776
819327583971995648
815708830466240513
819331945104637961
819332073307705344
821505711578476544
823317360027242496
822590303693602817
823311405747228672
820415656218755073
818238893904510981
820053678371590144
820051094004989954
820054925061324801
823316879372591104
818606504907538432
823312548443222016
820054973320990720
821503876624891905
822592104350289922
819685799566438400
821505905145548800
817517056404897792
817519731926253568
820782136902975488
822584650354884610
819689272240381952
820052330351472640
823316069460885504
822949479896608770
822223798753579008
820415706273488896
820056803073523712
818607549511442432
817519629606285314
820055993203638276
819323947544150020
820411764454150145
820411361838690305
823316972804812800
823315742225379328
822947121187979264
823312940581339136
821504957123796992
819694211431698433
818240399433232384
818606962082533376
817519668135018496
818604770265075713
823315697996615680
817158675752042496
822954501267136512
821507242184708096
822592701610754050
820413996876500993
820411620715134977
815709177310040065
823316041946238976
819327828713992192
822587181231468545
819686309103095812
822956427358502912
819690308359307266
822593077873352714
819693308167352320
817520770532462596
818241416346370049
823312587609632770
820052312366280704
822590125985136641
823318332933804032
819693946330824704
822593562026115073
816795894507073537
820410539973218313
820057225951608832
820414286191267844
819325279407521792
817521060375564289
817517434794086404
822951925364748288
820053624097214465
822225561586192385
823309488950218753
822586018318708737
822592169919873031
820410339321937922
819689520698228737
820419378529173504
818607020962152450
822947763184955392
819325950756163584
817518512033800192
823315816678559745
819327844434247682
820416646099537920
819694271141789696
822592931991351302
820415658785697793
819689293354369024
822954307934765056
818608229462712320
820414540005470209
819690523371962368
822231064420749312
820414192322805760
822586691995181058
822230874196361216
819330051363610624
822949402130214912
822585356704956416
817518374427258884
821869700833574912
822951105411895298
817518404525588482
819331742045638660
822951335112966144
822956485059690497
820418272072007683
819685548587700225
822229959259340800
819329921809981440
818241249320767489
822589106005876738
815708832227803136
823318286377041920
820416718027837443
822223123563028482
820413047537889280
820412835813584896
822229864149184512
820054228798291968
821868133371838464
819689946223153154
820417689365704704
820419324234072064
821505742104576000
820410503029616640
817519218124066816
819326552835911680
820413351767445504
821507299134947328
821867903221985281
822227930579369984
822947747816816640
819332176592465920
820049652284170240
823313118247796736
821868567721312256
819689526251634689
819329947454099456
822952249987100672
818607645074554880
823316128063627264
818603353013972997
822586077831720961
821505133884436484
821506052650831872
821867476698988544
817521046060470272
819325870309601287
819688445404712960
819323846666747904
822226547490820096
822226131998875649
819325643464679425
823316662762041344
822956219052818432
818242383297048577
821867726947962880
823318155607019520
819692248262709248
820418017922256896
820419543998697473
822224334324432896
821504507410399232
822587737471586304
820050831592607744
822954219862790145
822955354409627649
822949389123653632
822956935821623296
821504880670113792
818604224195895296
820412454295470080
820054086141837313
821867257441632256
820050885103403008
819687582602850304
823312882569977857
820782258210516992
823317607080194048
823315916779728896
823317882792792064
821868932529324034
819331838707699712
819690419856371712
822954441221566464
816795295971319808
822953768379621376
819328779344613376
819329985697546241
822947841840713728
822227880495104001
820048366600159232
822950533501743104
820054851635834880
816071479351648256
816795640373968896
820055566953365504
822222839419781120
823319286374682625
822585036709003270
823318207238901761
822228454615740416
822950728532520960
819327746748940288
822949756293025795
816796203153326080
819323457011875840
822227285323431936
819325254862602243
818604064032391168
823317351848361985
819694626630156289
822589568843137027
822954545764593664
819329628569477120
818239819193192448
818239461855285249
819326258429333504
820413601986932736
823314682580594688
819323873585983488
821503877036015618
820412380580614144
820414671022911488
820049158220419072
816795971577323521
819327578682949632
818607793255092224
822592123895742468
820048412313845760
822955482876887040
820048094058446848
819332642629943296
819686357152870400
820057755016892420
818605667258945536
818244523608391680
823314843889332224
823311451192496128
823310234416508928
818244520903081984
817520443330416640
819323260705841156
820048643470213121
819324937127264256
820414481809305600
821504172424040453
823309788754956289
822947736991494144
822229177575362561
822227065978007553
818240789885034496
818239420855885824
819692642971897856
823309643451494400
820781382817484800
820055733324697601
823314836310212608
819689544756920321
819692087323004928
819687985998426112
820415019208810497
822228338370613250
819331197293756421
823316770320683008
822950313476792320
820413975682760705
818242393354833921
820412684889751552
820410430506012672
818242213352210433
818239973837049856
822224526373175302
819328171539632133
818243754058547200
822592247883513857
819331840385249280
818243301539270657
822948451923021824
820051529155674112
822588180767576064
819322966710353921
820416417766014976
820420224054947840
821507383872524289
822230328664330244
821507365409267712
820414863474388993
820420205302206468
819690267062239233
818605257966186496
819685448478064641
818245273763934209
820053214489968642
817517616529108993
818245233779609601
816796165970632704
822588005135351808
822949517649649664
819327493291278336
820055986736140288
818605846921740288
820411865830453248
818245896999727105
818244150579658753
819325932196548609
818243119455956992
820051525128986625
818241303129493505
819689314179317760
818239952819519489
822585740936773632
820052136750936064
823312478289465344
822948269122797569
817519593556246529
820410545539059712
820415204207001601
822228702142443520
818244932100100096
822594099647840256
823317790727794688
819325689774088192
822232097398079490
818244253814030336
822953278501699584
822951090903719940
820054146250326016
819331966864654337
823316583858704384
819695365322670081
819332048267673601
818606220844105732
822956077239021568
822593209268404224
820411399134478337
822592093348564992
820419297558282240
820053126145261568
822951999247413248
820053130922618880
818244752407719936
819331925571555328
820051818675929092
821867046493388801
819693930577088512
823316820241317889
818245123532320769
818608194603913216
820054336428339200
818241628573941761
816433869327126529
821506748901113856
819326248044335105
818238063696547841
819324719744827393
822224775070314496
819689961133867009
822229366373548032
818237867621236736
823314474895548416
822588064405057538
819689284126916608
821507104473161729
819325829104668676
822231009613725696
816795211359653888
819330153314652161
820050138358026242
820050422480113664
823313412138692610
820415712934117381
817519204622548993
818242997112500225
820051902482132993
820057795630399489
819694516756217857
818604516199174145
817520990393602048
823315097355427840
822586328248414209
819690013222989825
819329179690946561
820419339576717312
822950035335839744
820050219840765952
823317233065754624
818605558362152960
822953668244742144
819324076439154688
822586563536289792
820416713309073408
818603577270738945
819691297682419712
817516926733840385
821869779241738240
822591546268811264
818243413703278593
823312627627659264
822950269285699584
816796344207704064
819689165415559168
820055824882171909
820415243692216320
822950746794639360
823314542042185729
823311265535840258
820419758961152000
822952387191173124
819323222378188801
821869393378480128
818605325167296512
819331823352344577
822585723366862848
819691974496165889
819329795213455360
819327105024585729
819324959021535232
821867521926168576
822590938283409408
818240609974677505
819333054841946112
820415720169185280
820415476891144193
818241263908614144
818238541918519296
822222796881326080
820049608524972032
818243559866253312
823314169659129856
820054764733931520
818240353455046656
817520655868588033
822591215191388164
822955902168924160
819685634872840193
822227781799071749
822229570724261888
822586052829478912
820410202042368000
818608282981933057
821869262935625729
823310866032553984
820419982844723200
820049387292422144
821505493524971527
822586813239934976
817518308731867137
822947470862848000
823311905523638273
821506672095068160
818245068402393089
820416613228969984
822226769558110209
820418222075871232
819329183113498625
816795167982288896
820418983048388608
822956892213256192
818240961931255808
822947501615484929
822592817130151936
820055175041683456
818245098710376448
818242538280775683
819693200759750656
820413650506633216
822953211967533056
820054526707126272
822227697740972032
822589789354557442
820056320242024450
822589262809985024
816795418587709441
820413477768536064
820054957906743296
822948219365761027
823309727320997888
820418413386268672
820782175020875778
819324393037922304
820051407655075841
819686655426785280
817883437310889984
820417728263716868
819695276768329728
817519240299286528
822952594540756996
823317977059782656
822228574023380993
818607809554186244
819332331408343040
823312577782513664
819328369686933507
819330015468851200
815708717375164416
822955864067710977
819326867408756738
818242197002723329
818607213879107584
820411841025363968
818240673849581568
819685749436153856
820057011241025536
823316966769364992
818244488652943360
818238225739354112
817519683758948356
819687822013726720
818244175812562948
822228573562007553
819689742191230976
822955810145718277
819691037362823168
820055017059065856
819693431350034433
820415856958001152
818241173160677378
822950695611428865
822593274254913536
822947017559310336
823313678074257409
819695083142479876
820409538658574337
819323783139856384
819685231825403906
820051407642513408
822956652416692227
820418603094839296
819332110003666945
822952898451697664
820048790115811328
822226535142850565
818242910307106816
822222962371592192
820414675213025280
822230574521647104
819686434021998595
821506802525212672
822588166070792192
823315731001606144
818242497734410240
823317423600373760
820416127922647041
823311875718991873
822954894483079168
818240493553209345
820782197783150592
819694616152776708
819692508657500160
820418608455041024
822590168934809601
823318303179440129
817518620951670784
822591879460114432
817520273599721472
816795195467583488
818603497885171712
822222710260412416
822224617087574017
819328239676129281
822230894190600193
822951167466569728
822230807800610816
822588127776833541
823311538656264196
818605171437666305
818604699247120384
817518465984712706
822587749714759681
820055646187962368
818243954382688257
822584995629842432
821868747245973505
822224182444433408
820417253720080385
821506440535736320
822948952806932480
818240558804111361
818240514365472768
820055613917040640
822951437227491328
818605551894544385
822952219486076928
823315743093690368
820053871632547842
820057667892748288
818241339636809730
822585271443144710
822223772619067393
822592606085533697
820417820110491648
820781565538017285
820412213592723456
820057137070149632
818239297715195904
823315263743369220
818237892820668416
822585000059142144
817519802449330176
822231872415694852
818605894783078400
820418356368936960
820411188479721472
823309840848023552
820050180577730560
818606364641595392
820054528057901057
818603735828037632
819325590037811200
820781982145605632
819325561805926400
819694004199628800
820049953015955456
822588739998322689
822956254683365376
819695000707600385
820051634160103425
822956382056050692
820416416394448897
821505834295427073
822953432432738307
816433895419899904
819687751394193409
822585480147599362
823314582454185985
819694270231609345
818603396059963393
820048007408197634
822948081473908738
819323658955096064
818245223235092480
823314921593180160
817516900947136512
823314959278948352
817158701438160897
822223399284051968
822951327470714880
822586829635547137
820054092550578176
818604529663049728
815709109756407808
820415904668389379
819694865902669824
822228968174587904
820414790237556738
819686180618928128
820781442284351490
820056053643616256
823310569612525569
821506986693062657
820782112836059136
822585300111294465
822222967757115392
820053440998973441
818242978359676928
822951129877192704
818241174498635777
819690931775533056
819694332848447488
819327096145252357
820414524889165824
819691488997089281
822586745044795392
822949232692731904
822228235626889217
822587138399240196
820413491253112832
822593089416085509
822224837959565312
820056115719368704
820414276460576768
815709074218065921
822230015161077761
820416014663880704
820056864130007040
820057644304044037
819688580767477761
822588325102026752
818243299366621188
818242668996231168
818239036984795137
820411963025096704
823316619174825984
822592038403264512
820053644603248641
822956570577223681
820782130506498048
819324769170493440
821507386229878785
822951212827967488
822952201039581184
819690337664987137
820413975150137345
823309330015469569
818241150691737600
820051113642774528
818240586507579392
822594222087868421
821506534320599040
819686792853078017
822954534087467009
818242554936311809
818245025733615617
818607555526045696
822593443914518531
819329391234793472
823318325744766980
822229382001467394
820419343485927424
823314872305741826
819692385554853888
817158734241824770
821505800627752961
819688780277813248
820052405840650241
822584988411592708
823317168330862593
819324208769593346
822590076744036353
820050715351523329
817520046691913728
822948742890397696
820782567016333313
821505705760829440
820057110998347781
819690193523503104
822951864199249924
820055426892898304
820055756439506944
819685863642791936
819326983087779840
819687178603069441
820414076933328897
823316287233216512
819695217368514564
822223658110353408
822227241983741952
820410632247934976
822948496449929216
820417754666856454
818238068792717312
821869704734183424
820410656436473857
819692796244328448
819694603267874816
815709170439692288
818605746313134080
818606952058093568
820052577488433157
822952369487015937
816796097251332096
818239623747031041
819330274773372928
822592994973024256
819329815048241152
822222474133782531
822955704776617986
819694804225392640
822954958601547777
822955716436754435
822950067971780608
822586306064764928
822589397254205441
820050207165599744
822224417958674432
817517742861455365
821868776912207872
818242512859136000
822587056987787266
819687659907977217
822227154293391360
822225014711795722
820054329264476160
822585851175718913
822229686927425537
822223114377555969
820412662177796096
820417509216096256
818606236606337025
820409229894893568
820782004618854400
819688981650698242
822594107788980226
822222869052686336
822948739975290880
822593366508572673
819694318244003840
819687698780798976
818604638643585024
819324590803406849
816795533377310720
819688171726368768
822949744960032773
819693806157201409
822228254178312192
822585624595222528
822228470369583106
819324560264884224
822954380202643457
823317026374635520
819324728208986112
822225710400098305
818607638686613506
820052086498988032
820412024689725441
820054735357169664
822225347026370560
818244032442703872
819330235430617088
820054135844245505
822223679174144000
819694251776819201
823315559341244420
818240864883511298
819689693415620608
822586200775159815
818242530127048704
823315937197572096
821868450071113728
819690581244964864
822228709566480384
820048841135292418
819692106587447297
823315849138335744
822222361298497536
817519902407979008
820415207268896770
819692523094470656
820050945744732160
820050914056740865
820409252011450369
822591516338257921
820417496469700609
822224656182771714
820054532226973696
819692790506463232
822955492867612673
820050930490048512
822588194235551744
820782106649444352
823313371961393152
822588637628010496
819689464515743745
818240043143794691
817516893628153861
822586005106597891
819687053793312768
816071566886699008
820054852806082560
819329639667486720
822224022528262146
818242164790591492
819688371043893250
823313933352206336
818242948647317505
820048759027535872
820409863545253888
822588577695625220
819322954425270276
818608135829127168
818608215327813632
818245279082278914
821869298658537473
823316599952343043
823315928490344448
821507112996077569
822592044451307520
822955337821077506
820052594857017346
822226290036064257
823316487805005824
822949099548749825
821506726386106368
818238480828481546
816796094289956864
819326246899290112
822954589649506304
822950759855747072
822593570825703428
818245858504441856
820053866389438466
821505729848692737
817521031623512064
818607670320099329
823309512480354304
822231577124020224
820050908134264832
821869021909938176
823310675770540032
823311787130949632
822592126194221056
817883477156700162
818245435126972416
819688667014905857
818245639532257280
819330454788722688
821869678305873921
822949127252312064
820055078002425858
820056418485239808
818604810056384512
820420000884396035
820414184445935616
819332195693129729
818239547116916736
820411117612793858
822954719828123648
820410770295029760
820413629464018949
821867304258588672
823309403281498113
818607614154182657
823314292808134656
820417975182192641
817518749024710657
819327969848082432
819690035179991040
820051590119755776
822586267330285571
823318998238437380
821505091064700928
819694792649142272
820051473237032962
823315343619878918
823317561341317120
822591789513211907
822951971544072193
818603585806233600
822222476860157952
823317951591882752
822588293883842561
822588907044933633
820057372819410945
822222451459248128
823313108013871104
822952641336606720
818608204498305024
822956934164684800
823316581094686721
822589171281887236
820409513476059137
820050742627172356
823319093327568896
818240522921787393
818238714627457024
820412598118137856
822230756491751424
819322683573706752
820413049135857664
821869674497474560
820413009591930880
822947910384029696
822586803882487808
820051614274912257
821505088124551168
823309454573764609
822948058874970112
822229273104658432
822224446610178049
821506321346334721
819690193712095232
822586648848465920
822224623144030208
817518783598202880
820416969094602752
822956547382734848
823315501841580032
820781852877291522
817517299494166529
822591823055032320
823312844234035202
822587569267412992
818240351324557312
820055286018875392
822223256556027904
822951670351011841
817517945639342081
823316964768645121
822950041891573761
821504037359144968
820414616534560768
820414118784102401
818241480770760706
820057801095573504
820412845322096641
819331107137196032
818245463551963137
818606050530181121
822952787399077889
823311625386098688
819327316404957185
818605570978619392
819689820360478720
818237781633855488
823314901372403712
822225706474151936
818243363489120257
818607216056029184
818242983531266049
820053766485446657
823311158304276480
818241368795516933
822948125144858624
822231427811078144
822947891874500608
818242215390679040
817519203599155201
820409567309926400
816795936743714816
822589138075586560
819692061750415360
823312769621626889
819332629686288384
819691892304580609
815709144921636864
820417778406592513
818244527525888001
822950003433844736
823309041489346560
819330116442583041
821504853868417024
822954775515955200
822952985647083520
817519386013683712
820053485341310976
823316672899522560
819692752560496640
820050621436952576
823311789790269441
822592246876950529
819325524938018822
820049199693791233
821507001259728901
820411069747331072
822948806303956992
817518210178289664
820411239176269825
820412330316070912
817518843878899712
818238081790865409
823309540368191488
821505233499148288
822229702316331008
819330102353723392
823316437876043776
823314785697726464
820052946788515845
819327014737940481
822230803245514753
822594043905449984
819686904576770049
820054868517941249
822592664868704256
816796268206968837
819686750784131072
822594520546246662
822591388374142976
820412609925173250
822222906029723649
819691032707264514
822951913310265344
822591295902322688
821505117149134848
819690689143271424
822952048241049601
823314102873444353
819691659164348416
821868671366791169
822587187724161024
819331236585938944
820781551445127168
822591246254403584
820414705370038273
820417235248418818
823311499196121088
819689965554647042
822225968508989441
822585679473442816
822229140308983813
822224239612694528
822229094645592064
820420225116098561
816796276578783232
823311058865557505
819686853372690433
822222217408811008
822588868314664961
819326860337287168
820411768019238913
822231213368811520
820053929773953024
819323908365189120
823315365296041985
819327106433720320
907754307663138816
819832394190569472
801742758604079105
932694107004260352
834100440988020736
827282623072317444
713469335910490112
863817504111693824
874917761436221441
723491370921537537
826038924837535745
844260291332530181
830070414130962432
885404127764692992
917888563596943362
875437828640997376
822625388589436930
859427673516503042
922055409808171008
840590939408236544
930899821820604422
924464853724434433
928020548575289344
886408584359235584
920735643403034624
887208243809964032
832220789764038656
873133138486198276
832421414703468545
794221339053670406
905902597479047168
914872480858345474
944644685766774784
688471306442944512
770760257786286080
945434649479622656
903155695687569408
705143837480525824
690019977588555776
794281004479500293
895929244269916161
870655638149398529
857775719744778240
884447375431004161
875746452147806210
915514022526468097
723869372532592640
881332956270215168
882967300407742466
694364560564711424
879447447344263169
905128800043896833
862453506271215616
898427164139200512
857712748771155968
894957432648192000
711396076314472450
932842408173240320
717513246568124416
708194268712607744
845036766235123712
