854678856724340736
855466461296504832
915657464401580032
904892917277274112
915657464401580032
854678856724340736
904892917277274112
855466461296504832
927373534652805120
860611036151521280
905640770933145600
895624121509445632
819287386312032256
865287301475205122
915657464401580032
854678856724340736
904892917277274112
855466461296504832
860611036151521280
927373534652805120
895624121509445632
905640770933145600
865287301475205122
819287386312032256
854678856724340736
855466461296504832
915657464401580032
860611036151521280
904892917277274112
895624121509445632
927373534652805120
865287301475205122
905640770933145600
819287386312032256
915657464401580032
854678856724340736
904892917277274112
855466461296504832
927373534652805120
860611036151521280
905640770933145600
895624121509445632
819287386312032256
865287301475205122
854678856724340736
855466461296504832
915657464401580032
860611036151521280
904892917277274112
895624121509445632
927373534652805120
865287301475205122
905640770933145600
819287386312032256
915657464401580032
854678856724340736
855466461296504832
904892917277274112
860611036151521280
927373534652805120
895624121509445632
905640770933145600
865287301475205122
819287386312032256
854678856724340736
855466461296504832
915657464401580032
860611036151521280
904892917277274112
895624121509445632
927373534652805120
865287301475205122
905640770933145600
819287386312032256
854678856724340736
915657464401580032
904892917277274112
855466461296504832
860611036151521280
927373534652805120
895624121509445632
905640770933145600
819287386312032256
865287301475205122
915657464401580032
854678856724340736
904892917277274112
855466461296504832
860611036151521280
927373534652805120
905640770933145600
895624121509445632
819287386312032256
865287301475205122
915657464401580032
854678856724340736
904892917277274112
855466461296504832
927373534652805120
860611036151521280
895624121509445632
905640770933145600
819287386312032256
865287301475205122
915657464401580032
854678856724340736
855466461296504832
904892917277274112
860611036151521280
927373534652805120
895624121509445632
905640770933145600
865287301475205122
819287386312032256
854678856724340736
855466461296504832
915657464401580032
860611036151521280
895624121509445632
904892917277274112
865287301475205122
927373534652805120
905640770933145600
819287386312032256
915657464401580032
854678856724340736
855466461296504832
904892917277274112
860611036151521280
927373534652805120
895624121509445632
905640770933145600
865287301475205122
819287386312032256
