855466461296504832
865287301475205122
860611036151521280
915657464401580032
876985914752421889
904892917277274112
927373534652805120
854678856724340736
819287386312032256
914066141202567168
905640770933145600
895624121509445632
855466461296504832
915657464401580032
854678856724340736
865287301475205122
860611036151521280
904892917277274112
905640770933145600
927373534652805120
895624121509445632
724667410385539072
848930248615972868
914066141202567168
876985914752421889
819287386312032256
819226999206068224
833099332052193280
894295529483632640
880357774043074562
891251545538531329
709210782509219840
887314150812209153
706580065975472128
721813063490539526
877549756368777216
710551056913031169
717831689737805824
735986831234236416
838437537488207877
838034081782841345
702677005049815040
810207035685900288
850076717360263168
897699668838277120
727894157088428032
929865442453209088
733683602077048833
709046988462014464
826526550937960449
872759940439560197
726860866067546112
726597140752007168
912989056010727425
794595526742310916
694514328603459585
701072849579155456
939879413839204352
865841489250721792
816561724455325696
695714852241670145
911216059818106880
702641738398212096
719597344447164416
710971665446862848
939294618272911360
851441414529527808
928050055881347072
905686077318602752
873667494745182208
831469381544579072
729124937269542912
848208895919181825
869506660586442753
825793046058934272
876459848673751040
713706839104421888
717554035314855936
893474265411878913
712073195243737088
721054333824012288
902605106864164865
830787574809624578
719364179161980928
698257993754918912
733992059468718080
893226799311843330
942885656782614528
837047133572313088
718059625719930880
885690542675316736
828026286413070336
694168663902044161
931968802643877888
878140724444667905
847560514020552704
849182565063958529
737406653163675648
868169588395134976
726436741595422720
846375220537692160
720721009737875456
705588562255749120
721345112882556928
787654855032700928
931209536077225984
709448351201230849
819295937487142912
829803278204534785
833053711001870337
867826738608439297
694228173471518725
836093660437491713
806910570473603072
843462085904351232
692499837191856132
711350328222830596
894881552861204481
720863524444975105
922515405628985344
700754959856308224
907984892876742656
851419502399152128
867902346449137664
718168635458465792
697544907011952640
853265852350836736
838658397272592384
826078830762786816
692076080933507072
887876852722802688
862607609647550464
702440689079025664
716647007520043008
874309775277903873
817365659101315072
689219730796707840
865014174275051520
927533225014153216
702901150488489985
849517194660728832
896411393393602560
875324309379698688
829482273435217920
907154402347282432
714885977509130240
830443691785482240
708159598994194433
884160222369124352
883815669502017538
733050029091500032
682783114343518208
733845119888019456
914683921769443328
825033529872510976
852172784750870528
823659414305570817
850123119939506180
730120666540838912
930613889301123072
890444169159815173
817839142826627072
696422013863211008
734214314509389825
842075856327585796
826773461574021120
687998090146496512
873373552564592640
860541786783191041
732996489606234112
705130450155601920
730666246128046080
708297775687999490
712318021805563904
702671588467077120
911938356044541952
918228962509250560
933476808024043521
824666891675377664
712079833971433473
687379180409860096
871021903380697088
861432959756365825
697199578731409409
833400901356355586
683293152787214336
888771514811785216
852506690503274496
928283281505865729
699965421567410176
688413325433028608
687478220090806273
911492894124593152
819543361912770560
716789125655998464
716328123051061248
707705223696031745
900157045814566912
893888326813585409
917395477775245312
918346139883077632
726120138722926592
696181210230423552
710536022132531201
931592093411299328
698150895578648576
895654888931115009
817051490275774464
905197058973249536
823547324660064256
864583430704697344
710798929298857984
886648645633880064
816315892862713856
876563312414253057
824824647824859136
879021138822778881
695293983761764353
860257715263864832
857694699401887745
907658048940003328
854176638694772737
908311601937125376
930095371782586373
848097992611639296
913487627063570432
922339646356389888
925323567671140352
835091896359776256
694284789923229696
711561037930229761
890339881557348354
706901920200445954
852144283796869121
717341849132904450
794235716511240193
718291613739532288
865024258879229952
725960147957227521
887498868031504384
847569465428586497
930941769579102209
906781745311125504
914313497231740929
933590458172768256
718595286902267906
701782316390096896
848721040087887873
724921446284296193
856159344722931713
848010082940006400
856964839628881920
872286779616919552
881812123910897664
824607231479910401
899562132026658818
706928447784947713
848557137630515203
939249169859874816
730901194265104384
822945794592423936
905218370135609344
877352052912922624
861989927017484288
712054527537455105
848626103975628800
846664012330811393
935658641784532992
881537381546983424
735985360656728065
888530561521786880
925586366544490496
881702009786781696
932054630741065728
896067860845350912
692513161967226880
690138976276070400
820756184844091393
896056083994755073
684018093459390464
870157698087694336
705910996775407620
855225788269854720
928352928955584517
923198709969641474
857929974023675905
737070268368203776
828799642724741120
819706983653572609
910222429699448832
899726578757906432
862830766958542848
720846584955600898
730023926038822913
913087722784296960
910506463704911872
727792432176205825
931273486965923845
890663604604870656
926241179947151360
936204766102867968
853710991116206080
880294282556518401
908508629426307072
854612370009849856
735169760305025024
907979875025289217
688911206149677057
836455642235817985
875515484673904640
687751173768495104
722967888441671681
690589622594838528
793902564471373824
872138353457627137
894210457925541888
939083875715899393
712110115952861184
938714961664204800
930820069688512513
717140488743219201
926859771336159232
938366385935212546
916285218801274882
821490782762860544
853092578878668800
911234981653032960
842239256546369536
926958480166195201
823029140865634305
885186932724183041
875100410716999680
700187688415162368
695718747844116481
836342151416000512
897548887996674048
705260653917896704
878566542950191104
849186412146688000
852353638919839744
881279960710651904
689796910463467520
827270139506683905
728735050737590273
877736113154146308
937476685921955840
755109904063471616
897969036457263104
787736985771180032
717591272379297792
921930956528795648
868550608382558209
920967878773415937
702828925148205057
897260845327015936
825919780708302848
868948052182052864
712088678827360256
728851891187113985
699750289495232519
884686920919519233
892915508579848192
873797427995607040
896395869532160000
697532670218235904
708786398095015936
883548554303754240
718812676433059840
855542070643130370
836275634607374338
687599189438631936
882653575205105664
827070267360845824
899681876159455233
889749285683814400
877804280748531712
883742743222247426
822506680285921280
725792169789906944
701467794706034688
823135852507308033
870692182285361152
816352475678736385
904624565145538560
705527899047092225
720009817088241665
923596397244448769
734204888490512384
828935728067444737
826758532154404864
932636894277627905
891786666515542016
793871157569224704
841281965462556672
836404873738534912
899803824973598720
879471762408435712
932026136921628673
861246737662570496
884855548130332672
925220370902171648
703370703777763328
886607843893403648
811630506345435136
721672854966644737
716388512426229761
817143366601375744
693914181704224769
884691780993789952
892192618607656960
880258139064553472
706582126007869440
872909268923686912
868195630073729025
875260115594743809
918681310490759168
871876053257658369
822924778625347584
816523048958312449
730162573279166468
901280299916685312
829478205929246721
723539966035259392
932406343801229312
726091096548364288
826416422670712832
736287075469799426
921433270184759297
853665414890606593
819290904540246016
817603645030223872
913817050786566144
850395934857056256
913116377115910144
709694156214575104
793774162686935040
810204949426634752
696403329749008384
844287174975655936
691712999518773248
896760016224571392
724375459366993920
820297866652553218
938336915425603584
891508157750661120
933040061720989697
939414381007314944
722919795155275776
691174404622008321
914884410150924289
866739602572365824
726949986462654464
871467247256186882
847248458708729859
722770607377518593
733973528907747328
891558378102599680
912347714431590400
923534085770960897
911847904779874304
841496172439187456
821034616291262464
912129322013437952
863813399720755200
929880892448706561
711238015025287168
841609332307480577
692129311487365120
690226000622424064
906116101297369088
768491629313298433
729366413731713024
887261381006962689
715616019784601600
881867132484677632
849168105607544833
906158466619777024
900913125796532224
913810021468778497
720715066983727106
923645799568953346
830073554435719168
690184007951089665
880389971257020418
705645794381017088
683405203328991232
885133004145737728
823591741886447619
870869992404865024
907838901498335233
888382158074675205
870540421474074628
732722656580141056
893019140839145472
906473987995078656
731539431501500416
923421319961513985
881735347578716160
885847165024600064
859807313770708992
816696978922995719
699292919375732736
794277155811233792
939505813273698305
687053223753060354
830853491803451392
845927200666849280
927120300608651264
701923333814800390
704399955813916673
685874262998028288
843112024670388226
704641234728525825
930723647165272064
824807274048811008
708755604899110912
852113806583103489
890528681050943488
883664661614403584
908068185135558656
929125378580451328
865945930784055296
856876149422641153
729749047196651521
853391418009595904
875617258160111616
830854308321193984
923349059540099072
896232218850242560
936373301974315009
862599128072716288
903462968175689728
887184015727280128
882776839328059392
894485890474663938
906852064478810112
841747880671084544
854344315782414336
713108836563820544
817965698823622657
794263780695932930
908020509450948609
939370614074281989
930837616240427009
897867602826936324
683313760342249472
839474305889153024
821880162140749824
825590852391022592
887529355605422080
826686396815454208
831522661960400897
824711255126466560
726279551618273280
900597960844738560
707675178155827201
862348768070455296
823579308438470658
865349619664003072
892898241993334784
711519819510616064
830772099606208516
844216310057877504
689911550803582981
881975051557457920
844178767182422016
895245047628681217
840262112870092800
755128443843538944
825457712049844224
692473402402152448
856266752992329728
820459091663421440
927564516241690624
901341871414194176
932590914563911682
904613776456069120
687653525757673473
939056967275782145
718480839676444672
876067925379219456
794227670355767297
906940082606583809
855426735982034944
685575068215279618
889246058064338945
847525149880483840
837713027189309440
860113625960267776
892214282200399872
931373942236962817
861499605522960385
900477399107862528
937730614085783553
830326595575480320
932661729359691776
700147338451382272
888844552240594944
724595120419540993
704745237097218048
705502973372309504
825047062362288131
867089567492575233
709334532042973186
685656680495845378
828236271931699200
882041400086409216
904440215028211712
847547210778591232
690484087014948864
835858266345226241
704360994664026112
908905752172965888
908804142776365056
688074706298253313
819356780417482752
894624551585361921
687332343367995392
936315383035957248
709077288457928704
887375421280354305
924282998236868609
847223597487620096
928264423126552576
711427136540712960
874649514170298368
890635522657234944
932936496532746240
822920827557605376
834269436383211520
861581768020938753
924462421124804608
831366616520732674
713629365406289920
693852643249233920
821407483432411137
906807230611177472
869673337571692550
830287799169515520
724956636536774657
695702932512120832
782720668974612480
864244475018784768
935243492493807616
903502758455590912
865345124724645889
897893566579650560
938899544682704897
870031015967903745
817186222695182336
900314558413328384
932353655130480640
938342400300388352
690961198108516352
865927535187697664
849685337806974980
854128231775051776
917794252414787584
718771969055924224
849226111418593280
857580106008670208
818639364875960320
893567578907561984
787662603195518976
904686759350558720
697013893822939136
897851658469879809
879809878113603586
714025976003489792
885659162721562625
937306213632630785
884710317686759424
823260422904156160
864241884989882368
873965854412554240
841913929194446851
854318610415800320
886282536757846017
708994813983596544
836193762330181632
877403001106780162
882677216353677313
930702986195750912
894977186645594112
709300162623971330
717537160954556417
902457098969030657
832675377944338433
877601558761938944
721240062201974785
931448821149704192
827967426251857922
938873673645047808
858036288389337088
839263693367988224
826953860602228738
904067869461250048
839600454182944768
906670497508745216
841618955055837184
722913882885337088
897490155698888705
878996294735364096
937840768861040642
842810966744162306
875855951542104065
820692046633697280
915447856202383360
735550449604907008
856077853267447808
735101294747127808
910111711348236289
821045526653259776
717491364720549888
833952822928367616
877911766277246984
936680015760166912
708893772386582528
853634383449907201
923738880276357120
855613279212883968
937180416863358976
877920082730418176
890377651743068161
909791866782126080
694660745980608512
688103947614064641
901715273908183041
725078281263800320
716679098764922880
722809739403489280
722563320666959873
933232497919430656
872955319688847365
718926445641248768
925513820495335424
820389563730448384
905145910325379072
773637270020747265
731902360117739520
913523630377648128
831493355108392963
859553665232900096
719325574557208576
815972575230722048
689637362058440705
689242025519091714
846855718481281024
932688679201488897
849724081339551744
845038652036132864
859729257379098624
862862453306122240
901119702201638912
850937504714825728
913579032654032896
708017664858394628
889561374053068805
928621097356054528
877953203647729669
706549023713447936
883938726786748416
684607693915439104
717489132436643840
918222999005806592
706137132268548097
915212299891363840
833513948322361345
848927540702044160
885916269580627972
702719592406216704
835137073652850688
913238097948590080
797855036508438528
925491160294023168
689269156416491520
688184681863331840
885776133849010176
685857038681899010
848487516395143168
823771721970819072
691192278547828736
731685710336425984
892118702786834436
708410201246982144
925549702086578176
926535994274402304
846502680633774080
838749375820148736
688124538454802432
727179533011542016
709598936546148352
841650352873193473
913877633162731521
881462092557144064
822849151759253504
701511478516563968
697801811894341633
870279249734664192
866716068353585153
903019349522366464
844165994952167424
884888950992719873
732411314551685120
840337857776513024
719627005927534595
932527132743368704
826159263177388033
940183881130610688
716727615848116224
794312091402436608
888771490782556162
854163234810712064
875520793425440770
929417291099406336
905459297160749056
867805008280072192
722905541232594944
816671594118606856
837448496332464129
821956317258485760
872876038203858945
709726890949476352
829116376916885504
828916268656840704
870819477218181120
840759907813085184
721092221370404865
875249113205547008
941003843675942913
717887904224296960
889477787932819456
831260927500615682
838366164992602112
928753954745475072
904772504421634048
690383035896823809
719644262523084801
728387862140358656
821106817765871616
829918534209765377
703583813453139968
868373543637184513
826983543159009280
907834540005175297
905874574620938240
930684722119835648
918498724095184896
724889900592562176
833777641090068483
855819950090588162
687748094427971584
695392140227059712
726492675432697857
934988877554700288
828359422195953664
733727609897373696
730900809324580865
835247679445819392
699820596146925569
908779777426956288
841371718572728320
716970524421791744
718213028542427137
724684680654520320
687661976533610496
718630462223024128
926165647763046400
913177720749662208
882250935237562371
903081624044269570
881062978954575873
716347768046915584
921895080746774528
874295305398878208
829633537590513664
903524339940823040
787522613236998148
925714384554520576
842393285796728832
872104147683753984
825067723688464385
853118320630956032
870450208504766466
723243838593220610
712314666412810240
719479507820920832
843512518794514433
835804124222533634
893974167225344000
888327340899618819
695416820098953219
708714138084597760
903424899414413312
930116447195582466
706079741275725825
841349018659770368
713810486567919616
851307320164270085
930918866783318016
837052849943109633
871519121627783168
692319239944982528
709074529084026880
888016316744867840
851926686891470849
933127448719486977
870686824389267457
877197725762293763
688921289407397888
770390179701862400
826117465868554240
821711124659781633
729000647769477121
702558563806420992
905913711281532928
842444063118901248
892075103403593728
827881126219890688
822948632026578944
870247746481119232
838409460800442370
822222722730074114
761086480076767233
855819850203111424
794048034984247296
823317239373832192
822225261995446272
825105858824581121
914097323591868416
801662372532219905
779361680149151744
822589431882383361
821506741460488196
879896397243445249
920413237434310662
872151586809806851
932048505568239616
822592195073114120
822947281955590151
712891072465100801
695656159395586048
853510279476506625
936289443626942464
843851612938551296
806670065990914048
874004204871852033
913991536366329856
820415902369935361
895306784662896640
722945429805998080
885909920708734976
822230441327403008
882969328487976961
820056519601426432
879678404273909760
823318790280577024
822106056104898560
819694722449022984
822586646126333952
819689340074938369
819323839209349121
725750883489710080
822231650075484161
819330071450284032
818239588024123392
819688054189215744
819324596742721537
819322773315211264
820417644541001730
822956441245978625
822584492623675392
820419476088832000
822223980300029956
931978364247859200
819692440592482307
819688637730267136
821504960022061061
817517158188089344
820056882488426496
876246088151220224
822956807773626368
819327921164677120
819690359563296768
822951739858898944
822953675106775040
819686097840205824
823313136845520896
822223608856645633
843126980417667077
822591286913957889
819686460727160838
820054447372046336
819687238187433984
907319672856616965
819325839070429184
820054837991571456
822956703792721920
822585914924945409
820413993286307840
822584601289834501
823318062510305282
821507211516112897
818245646297731073
820050070594670593
823310605570412544
822956322035564544
819324613293461505
822586057325678592
820415997236625409
822590790937563136
819687832872742915
820417483010150401
820050430235463681
823316838734065664
820410167925862401
823313695828803585
823311660341493762
823313440362020864
820052142157340673
819691623856697344
822590330935672834
820781908678283266
816796082814468097
822226125757612032
819328635794550784
822592563853017090
822953659239567361
820050733328437248
822591992160985093
816795491568615424
822226343056261120
820050245476380672
823317812932386816
822950714016206848
822585399147167744
822955987925696513
820050924366340097
820052372319858688
819688517982818304
818238441783783426
820055921233641472
822223297525915648
819693448454246400
818606981955063808
818606602760679424
819324270870335488
819690552568451073
820052214051782657
819686733818331138
823315322358951937
817520157941592064
818239852206575619
818243429977178113
819691135622746113
819329946556502017
818239965322739713
822590982524981248
819693004860559361
819691631075069952
823311325094760449
820049150993723396
819689148776902657
818244815418638336
818244737123708931
822223628917964800
822226204618936322
817520626701389828
818241501394333696
823312219794354176
822585455954821120
818241700908957699
820417361966755841
822587561080213506
819330050747076608
822588810756313089
821868329656840192
820415910800478208
822589687898443776
821505630011883524
820410799437058049
820412825868926976
819330013640146945
820415421593645057
820417961638981636
820415595883753473
823313853245231105
819323986773508096
823313469017563137
820054633397833729
820411318142431232
816795496215875584
822223071469768704
822956261008437252
822950467261100032
820050022028824576
819324329058070528
822223329805430785
819328460724150272
819687964720635909
822224679242989569
820782059660709888
818241376018108417
822586311953567745
815709081029804033
822594398567485440
818245191261978624
819326470581587968
822952347223650305
818242377580036100
820052846641119232
821868665305964544
819686701471768577
820053533747806209
817518341028016128
821504005213982720
817517485004128256
820411391232315397
822954914586521602
822591797000015876
822223456393531392
821506193021665282
819327334788513792
821505855921254400
817519589756207104
819330896893460483
820412514458628096
817158671507406848
823309780752023552
819331079056359437
823312778563698689
817519248876548097
822228868442554370
822231064517218305
822587222553661444
823309384080125957
822223369844166660
820416704647938052
823309841926066177
820056850167164928
822947620532453376
822953232435728385
823312259875106817
820413867641556993
820053885897285633
820416315789901824
819323784851234817
820053155778064390
818242296374099968
823309133193412608
821506628096786435
818243118864695296
820053545525379072
817517826697207808
823318840763416578
819325160327118851
819330398320807936
818240316222373888
822584998377177093
819332644508987392
821868781672759296
822952016234344449
820420220330250243
822954095518556162
818607666532589571
822587517350318081
819695142194053123
818605318791958528
822227801294000128
819330095223541762
822585783618043905
823309271886659584
822226911472582657
823313584587493376
819331883985207296
822949402264354817
820414797242073088
820419712395935745
818244261342646272
819686028105707520
822586407873089539
822591622743523329
820418989734133760
818241843347460097
822592891419762688
819327037932335104
818242995426390016
817517259027521536
819328922361991168
820048929710444544
822224488695623680
820055766904225794
823318329267920896
822947457222873088
818243995503464452
819322815375491073
820417488454184960
821869767569051648
820052704760315906
822956113431707648
821867795671633920
819327536329068545
819687884294942720
818239192870158336
821869214218747904
817518612672024576
822224367576752128
821869657535762432
816796056973443073
822951394843983873
818241185441583104
819328321272037376
822584971957301249
819328145052475392
822591865958625280
819686476350795779
822948487105024001
822226347401486337
820415260599451649
815708830466240513
820418136897949696
819332969546518528
819332951729127424
818604356656386053
823311405747228672
819327917452759041
819685604870864896
822222670007832577
823316879372591104
821505544125091845
821507334849474560
819332073307705344
818603161447329792
819330441375285248
819685799566438400
821506396042723328
818238893904510981
820049385207853056
821504427680903168
819689272240381952
819694635744448513
822952340172996613
819328000625885184
820056803073523712
822223386269089792
823312548443222016
822592842870784000
820411361838690305
820414360686313473
820415651990929408
818608110323404800
817517056404897792
819694211431698433
819331945104637961
823312806896435202
822225732894081024
823314788679880705
823316069460885504
820415656218755073
817158675752042496
822588618229293057
822589949908238336
822590391727910913
817519629606285314
815709177310040065
818606504907538432
823315742225379328
820049539230932992
823314734686539776
823309366027845639
819690308359307266
821505905145548800
818606962082533376
819323292632879104
820052312366280704
820052330351472640
819324990168252416
823317360027242496
821507242184708096
823312725442859008
820410539973218313
818607549511442432
819327583971995648
820051094004989954
819327828713992192
822951925364748288
821503876624891905
822232086673166336
823316972804812800
819693308167352320
822590303693602817
820410339321937922
820782136902975488
818240399433232384
821505711578476544
823318332933804032
820054925061324801
817518512033800192
822954501267136512
822223798753579008
820053678371590144
822592104350289922
820414286191267844
823316041946238976
820415658785697793
822584650354884610
819323947544150020
822593077873352714
822225561586192385
820054973320990720
822231064420749312
820419378529173504
822590125985136641
820415706273488896
823312940581339136
822585356704956416
817519731926253568
820057225951608832
819327844434247682
820411764454150145
818604770265075713
822949479896608770
822951335112966144
820053624097214465
822954307934765056
821504957123796992
820413996876500993
818241249320767489
820055993203638276
819689520698228737
822586691995181058
820413047537889280
823315697996615680
819686309103095812
823315816678559745
821869700833574912
820417689365704704
822947121187979264
819689293354369024
820411620715134977
818241416346370049
820418272072007683
817519668135018496
820413351767445504
820414192322805760
822956427358502912
822592701610754050
815708832227803136
822593562026115073
820049652284170240
823312587609632770
817518374427258884
822587181231468545
822229864149184512
817521060375564289
818607645074554880
822956485059690497
816795894507073537
822586018318708737
821505742104576000
817520770532462596
821867476698988544
817517434794086404
822589106005876738
822226131998875649
819693946330824704
821867903221985281
820412835813584896
822947763184955392
822592169919873031
819325279407521792
823318155607019520
821868567721312256
819694271141789696
820419324234072064
819325950756163584
823309488950218753
818603353013972997
822587737471586304
820414540005470209
821507299134947328
822592931991351302
818607020962152450
821504880670113792
819325870309601287
819330051363610624
819690523371962368
823313118247796736
819687582602850304
820416646099537920
823316662762041344
817518404525588482
823316128063627264
822949402130214912
821868932529324034
820418017922256896
818608229462712320
819328779344613376
822229959259340800
817521046060470272
819331742045638660
822230874196361216
822954219862790145
820416718027837443
819329921809981440
819325643464679425
820054851635834880
820412454295470080
822951105411895298
819692248262709248
821868133371838464
822223123563028482
822585036709003270
820782258210516992
820050831592607744
819689946223153154
819685548587700225
817519218124066816
819690419856371712
816796203153326080
818604224195895296
823318286377041920
822947747816816640
822947841840713728
819326552835911680
819694626630156289
823312882569977857
816795640373968896
819332176592465920
819329947454099456
820054228798291968
819326258429333504
819331838707699712
822228454615740416
822952249987100672
821505133884436484
820414671022911488
820410503029616640
819329985697546241
819323846666747904
821506052650831872
822227285323431936
820048412313845760
822227930579369984
816071479351648256
822226547490820096
822954545764593664
818242383297048577
823318207238901761
818605667258945536
819689526251634689
821867726947962880
819323457011875840
817520443330416640
823314682580594688
822586077831720961
822224334324432896
822589568843137027
823309788754956289
821504507410399232
816795971577323521
819688445404712960
822949389123653632
820048094058446848
822956935821623296
820413601986932736
819692642971897856
822956219052818432
820049158220419072
819692087323004928
823314843889332224
821867257441632256
820050885103403008
820419543998697473
822950313476792320
822955482876887040
823317882792792064
820048643470213121
823315916779728896
822229177575362561
822955354409627649
818244523608391680
822953768379621376
818239973837049856
816795295971319808
820781382817484800
818243301539270657
819323260705841156
820048366600159232
820054086141837313
822950533501743104
820420224054947840
822222839419781120
823317607080194048
820415019208810497
822947736991494144
823319286374682625
819690267062239233
822954441221566464
818242393354833921
823309643451494400
822949756293025795
818245233779609601
819327746748940288
819687985998426112
818605846921740288
819328171539632133
822227880495104001
820413975682760705
823317351848361985
818604064032391168
820051529155674112
820051525128986625
820055566953365504
818239819193192448
822224526373175302
818239461855285249
822230328664330244
822950728532520960
823312478289465344
820412380580614144
822948451923021824
821503877036015618
819685448478064641
819325254862602243
818244932100100096
822592123895742468
818607793255092224
821507383872524289
822588005135351808
819329628569477120
822953278501699584
820057755016892420
819686357152870400
818245896999727105
818605257966186496
818244520903081984
819332048267673601
819323873585983488
816796165970632704
823310234416508928
820419297558282240
819327578682949632
819689314179317760
821504172424040453
820414481809305600
820411865830453248
820051818675929092
819332642629943296
817519593556246529
818239420855885824
818240789885034496
818241303129493505
820054336428339200
823311451192496128
823317790727794688
822948269122797569
819689544756920321
819324719744827393
823314836310212608
820054146250326016
822594099647840256
822588064405057538
819324937127264256
823316770320683008
819331197293756421
822951090903719940
822956077239021568
818242213352210433
819330153314652161
822227065978007553
820410430506012672
818242997112500225
820055733324697601
822592247883513857
818606220844105732
822951999247413248
819331840385249280
819322966710353921
820053126145261568
819693930577088512
820416417766014976
823315097355427840
822228338370613250
816433869327126529
820414863474388993
821867046493388801
820050219840765952
820420205302206468
820412684889751552
820053214489968642
819689961133867009
818241628573941761
818243754058547200
820416713309073408
821507104473161729
817517616529108993
819327493291278336
822224775070314496
818243413703278593
822588180767576064
820050422480113664
820055986736140288
819325932196548609
819689284126916608
820415243692216320
821507365409267712
820057795630399489
818243119455956992
822585740936773632
819323222378188801
820050138358026242
819690013222989825
818245273763934209
820052136750936064
820051902482132993
820415204207001601
819329795213455360
818605558362152960
822949517649649664
822228702142443520
822232097398079490
822586328248414209
819333054841946112
819691297682419712
818244150579658753
818244253814030336
823316583858704384
822950269285699584
823317233065754624
820049608524972032
818239952819519489
819695365322670081
820411399134478337
823314542042185729
818603577270738945
820410545539059712
822591215191388164
822592093348564992
818244752407719936
818605325167296512
820410202042368000
823312627627659264
819325689774088192
819331925571555328
818245123532320769
821505493524971527
819331966864654337
819324959021535232
822950746794639360
819326248044335105
818608194603913216
818245068402393089
822593209268404224
821869393378480128
818238063696547841
820415476891144193
818237867621236736
820418983048388608
820053130922618880
819327105024585729
823314474895548416
823314169659129856
822231009613725696
818245098710376448
823316820241317889
820415720169185280
821506748901113856
816795211359653888
822227697740972032
819685634872840193
820415712934117381
818243559866253312
817519204622548993
820054957906743296
822229366373548032
821869262935625729
818604516199174145
822955902168924160
817520990393602048
820419339576717312
820051407655075841
819325829104668676
817518308731867137
818608282981933057
822950035335839744
822952594540756996
823313412138692610
819324076439154688
822226769558110209
819328369686933507
822586813239934976
822586563536289792
819694516756217857
821869779241738240
818240961931255808
819693200759750656
818607213879107584
820416613228969984
822591546268811264
819329179690946561
819689165415559168
818244488652943360
820056320242024450
822953668244742144
820055824882171909
822956892213256192
820419758961152000
819689742191230976
823309727320997888
817516926733840385
818242538280775683
822952387191173124
822585723366862848
817883437310889984
816796344207704064
818241173160677378
822589789354557442
822590938283409408
822228574023380993
819691974496165889
823311265535840258
820409538658574337
818238541918519296
818240609974677505
822948219365761027
815708717375164416
819332110003666945
819331823352344577
818240353455046656
819686655426785280
818240673849581568
821867521926168576
822222796881326080
820414675213025280
822229570724261888
817519683758948356
817520655868588033
823317977059782656
818241263908614144
818242497734410240
819691037362823168
820419982844723200
822586052829478912
819330015468851200
820782197783150592
820054764733931520
822593274254913536
823311905523638273
817518620951670784
822227781799071749
819685231825403906
820411841025363968
820049387292422144
819329183113498625
823310866032553984
820048790115811328
821506672095068160
822224617087574017
818238225739354112
819686434021998595
823311538656264196
822955810145718277
822947470862848000
816795167982288896
822592817130151936
820416127922647041
818243954382688257
822950695611428865
820418222075871232
819692508657500160
820055175041683456
822953211967533056
822948952806932480
819323783139856384
822952898451697664
817520273599721472
816795418587709441
822947501615484929
822952219486076928
820054526707126272
822230574521647104
822230894190600193
820413477768536064
822223772619067393
820413650506633216
820782175020875778
823317423600373760
818239297715195904
818604699247120384
819694616152776708
819695276768329728
819324393037922304
822589262809985024
821868747245973505
818605894783078400
822591879460114432
819332331408343040
820418413386268672
820054528057901057
817519240299286528
818240514365472768
819328239676129281
819326867408756738
820049953015955456
820417728263716868
823312577782513664
818605171437666305
820053871632547842
820057011241025536
820416416394448897
818607809554186244
820417820110491648
818242197002723329
822584995629842432
823314582454185985
818244175812562948
818237892820668416
822955864067710977
818240558804111361
823316966769364992
820411188479721472
823315743093690368
818245223235092480
819693431350034433
819685749436153856
822228573562007553
822951327470714880
822592606085533697
823313678074257409
819325590037811200
819687822013726720
820415856958001152
819694865902669824
823315263743369220
822956254683365376
819695083142479876
822956652416692227
820055017059065856
823310569612525569
820418356368936960
820418603094839296
818242910307106816
822953432432738307
822947017559310336
818242978359676928
818603735828037632
820414524889165824
822222962371592192
822588166070792192
818603396059963393
822588739998322689
820051407642513408
820413491253112832
817516900947136512
823315731001606144
822954894483079168
822226535142850565
822230015161077761
821505834295427073
820054092550578176
822590168934809601
818240493553209345
821506802525212672
818243299366621188
820414790237556738
819694270231609345
818603497885171712
823311875718991873
823318303179440129
820053644603248641
820782112836059136
823314921593180160
822230807800610816
820418608455041024
822952201039581184
822222710260412416
822586829635547137
822587749714759681
818241174498635777
822588127776833541
816795195467583488
818240586507579392
822228968174587904
820417253720080385
822586745044795392
820055646187962368
818245025733615617
821506986693062657
822951437227491328
822951167466569728
822224837959565312
821506440535736320
817518465984712706
820419343485927424
822951129877192704
820056864130007040
818241339636809730
822224182444433408
818605551894544385
819691488997089281
820052405840650241
818239036984795137
820412213592723456
820055613917040640
822585271443144710
817520046691913728
822593089416085509
820782130506498048
817519802449330176
820057667892748288
820057137070149632
820416014663880704
822951864199249924
820413975150137345
820050180577730560
820781565538017285
822231872415694852
820414076933328897
821506534320599040
818242668996231168
819325561805926400
822585000059142144
822948496449929216
822593443914518531
818606364641595392
822956570577223681
819694603267874816
823309840848023552
820051634160103425
819692385554853888
819694004199628800
819690337664987137
816796097251332096
823317168330862593
819687751394193409
820781982145605632
822956382056050692
822594222087868421
822955704776617986
819695000707600385
820782567016333313
822948081473908738
822585480147599362
822589397254205441
818607555526045696
816433895419899904
817158701438160897
820055756439506944
823314872305741826
819323658955096064
822587056987787266
815709109756407808
820048007408197634
822584988411592708
819695217368514564
822223399284051968
822229686927425537
822948742890397696
823314959278948352
820781442284351490
818238068792717312
820782004618854400
820415904668389379
820055426892898304
818605746313134080
822222967757115392
818604529663049728
820056053643616256
819694318244003840
823316287233216512
819330274773372928
819694332848447488
819686180618928128
820053440998973441
822949744960032773
820417754666856454
822228235626889217
822954958601547777
819327096145252357
822585300111294465
822954380202643457
820414276460576768
815709170439692288
822224417958674432
822587138399240196
820412024689725441
819690931775533056
822227154293391360
819688580767477761
815709074218065921
818239623747031041
822949232692731904
822223679174144000
820412662177796096
823316619174825984
819694804225392640
822588325102026752
821507386229878785
820056115719368704
818242530127048704
822594107788980226
822592038403264512
820050207165599744
818241150691737600
819687659907977217
820057644304044037
819692106587447297
822951212827967488
818604638643585024
820411963025096704
822954534087467009
822223114377555969
820051113642774528
820050945744732160
822228254178312192
818242554936311809
819688981650698242
819324728208986112
819324769170493440
823318325744766980
820054532226973696
822229382001467394
822225347026370560
821505800627752961
823309330015469569
819687698780798976
823313371961393152
819693806157201409
819688780277813248
823315559341244420
822590076744036353
819686792853078017
819687053793312768
820050715351523329
823317026374635520
820057110998347781
821868450071113728
819690193523503104
819329391234793472
819688371043893250
819326983087779840
820054735357169664
822222361298497536
819687178603069441
817158734241824770
819322954425270276
820409252011450369
822227241983741952
819694251776819201
820410632247934976
819324208769593346
823315928490344448
822955492867612673
820410656436473857
823316487805005824
823315937197572096
821505705760829440
819692796244328448
819689464515743745
822954589649506304
820052577488433157
823315849138335744
819685863642791936
822952369487015937
820054852806082560
819329815048241152
817521031623512064
822223658110353408
820050914056740865
822222474133782531
818242948647317505
822950067971780608
823310675770540032
821869704734183424
819692790506463232
822586306064764928
821868776912207872
818608215327813632
818245639532257280
822588637628010496
818606952058093568
818242512859136000
820054329264476160
822592044451307520
818604810056384512
816071566886699008
822585851175718913
822592994973024256
821506726386106368
818606236606337025
822954719828123648
823313933352206336
820409229894893568
822955716436754435
822593570825703428
823314292808134656
822948739975290880
818608135829127168
822593366508572673
823309512480354304
817517742861455365
816795533377310720
822586267330285571
821507112996077569
819688171726368768
822225014711795722
822592126194221056
822228470369583106
823317561341317120
822949099548749825
821869678305873921
819324560264884224
818607638686613506
820417509216096256
822588293883842561
822950759855747072
820414184445935616
820052086498988032
819330235430617088
822222869052686336
818608204498305024
818607670320099329
820054135844245505
819689693415620608
820413629464018949
819324590803406849
823311787130949632
823319093327568896
822586200775159815
822228709566480384
817518749024710657
822585624595222528
819330454788722688
820413049135857664
820048841135292418
820415207268896770
821505091064700928
820420000884396035
821505088124551168
822225710400098305
819692523094470656
820417496469700609
820410770295029760
819690193712095232
822951971544072193
822588194235551744
818244032442703872
822224656182771714
820057372819410945
817516893628153861
823315501841580032
820417975182192641
823316581094686721
818240864883511298
820782106649444352
818240351324557312
822224022528262146
823318998238437380
818238714627457024
819690581244964864
822586005106597891
820409863545253888
822950041891573761
822591789513211907
817519902407979008
818242164790591492
820413009591930880
821869298658537473
820412845322096641
822588907044933633
822591516338257921
822588577695625220
822948058874970112
819327316404957185
820052594857017346
822956934164684800
823316599952343043
820050930490048512
822224623144030208
816796094289956864
818243363489120257
822226290036064257
818240522921787393
818240043143794691
817517299494166529
822948125144858624
819326246899290112
821869674497474560
820053866389438466
819329639667486720
821505729848692737
822223256556027904
820050908134264832
816795936743714816
823309454573764609
818245435126972416
820048759027535872
821869021909938176
820414616534560768
815709144921636864
822586648848465920
820055078002425858
818245279082278914
818245463551963137
819688667014905857
821504853868417024
820781852877291522
819689820360478720
820056418485239808
818239547116916736
822955337821077506
820055286018875392
819692752560496640
818242983531266049
823309403281498113
818238480828481546
821504037359144968
820411117612793858
821507001259728901
822947891874500608
818245858504441856
818607614154182657
819690035179991040
819331107137196032
819692061750415360
817518843878899712
822231577124020224
820051590119755776
820051473237032962
818605570978619392
823316437876043776
818244527525888001
817883477156700162
823315343619878918
822222476860157952
818607216056029184
822952985647083520
819686904576770049
823317951591882752
822949127252312064
823313108013871104
823311789790269441
822231427811078144
822591388374142976
819332195693129729
822952641336606720
820409513476059137
822948806303956992
822589138075586560
821505117149134848
820050742627172356
822230756491751424
821867304258588672
820417778406592513
823309540368191488
822587187724161024
822586803882487808
819327969848082432
819322683573706752
822954775515955200
823311499196121088
820051614274912257
820052946788515845
822224446610178049
820050621436952576
819694792649142272
821506321346334721
822229094645592064
822592664868704256
820416969094602752
820411069747331072
818603585806233600
822956547382734848
818238081790865409
822588868314664961
822222906029723649
823312844234035202
822222451459248128
822587569267412992
823314785697726464
823315365296041985
822952048241049601
817517945639342081
822589171281887236
820054868517941249
834100440988020736
823316964768645121
818241480770760706
820781551445127168
820057801095573504
820412598118137856
826038924837535745
820412609925173250
822225968508989441
822947910384029696
822952787399077889
819690689143271424
823311625386098688
822625388589436930
823314901372403712
816796276578783232
822229273104658432
819331236585938944
822225706474151936
928020548575289344
817518783598202880
819689965554647042
820411768019238913
823311158304276480
818241368795516933
832421414703468545
820420225116098561
907754307663138816
817519203599155201
822591823055032320
820409567309926400
770760257786286080
819326860337287168
822951670351011841
819332629686288384
713469335910490112
895929244269916161
819691892304580609
830070414130962432
819327106433720320
820414118784102401
823309041489346560
723869372532592640
922055409808171008
819330116442583041
827282623072317444
823316672899522560
862453506271215616
920735643403034624
818606050530181121
820053485341310976
844260291332530181
717513246568124416
820049199693791233
905902597479047168
819325524938018822
820412330316070912
818237781633855488
859427673516503042
886408584359235584
820411239176269825
819330102353723392
903155695687569408
820053766485446657
857775719744778240
794221339053670406
822229702316331008
822594043905449984
818242215390679040
882967300407742466
945434649479622656
822230803245514753
822594520546246662
823312769621626889
870655638149398529
857712748771155968
881332956270215168
822591295902322688
845036766235123712
819686750784131072
822950003433844736
898427164139200512
822951913310265344
821868671366791169
817519386013683712
708194268712607744
820417235248418818
819691659164348416
822592246876950529
820414705370038273
822224239612694528
822222217408811008
817518210178289664
822229140308983813
819323908365189120
821505233499148288
819686853372690433
932694107004260352
819327014737940481
820053929773953024
801742758604079105
723491370921537537
816796268206968837
874917761436221441
875437828640997376
819691032707264514
917888563596943362
930899821820604422
924464853724434433
823314102873444353
832220789764038656
822591246254403584
873133138486198276
944644685766774784
688471306442944512
690019977588555776
822585679473442816
794281004479500293
875746452147806210
823311058865557505
915514022526468097
879447447344263169
822231213368811520
905128800043896833
711396076314472450
819832394190569472
854678856724340736
932842408173240320
863817504111693824
885404127764692992
840590939408236544
887208243809964032
914872480858345474
705143837480525824
884447375431004161
694364560564711424
894957432648192000
915657464401580032
927373534652805120
914066141202567168
860611036151521280
876985914752421889
904892917277274112
915657464401580032
819287386312032256
854678856724340736
905640770933145600
895624121509445632
855466461296504832
865287301475205122
